NODE 7949 8122 TRANSFER 209715200 0.0
NODE 7863 7950,7951,7952,7953,7954,7955,7956 COMPUTATION 2836301675 0.10
NODE 7950 8108 TRANSFER 75497472 0.0
NODE 7951 8109 TRANSFER 75497472 0.0
NODE 7952 8113 TRANSFER 75497472 0.0
NODE 7953 8114 TRANSFER 75497472 0.0
NODE 7954 8116 TRANSFER 75497472 0.0
NODE 7955 8117 TRANSFER 75497472 0.0
NODE 7956 8125 TRANSFER 75497472 0.0
NODE 7864 7957,7958,7959,7960,7961,7962,7963 COMPUTATION 105903827844 0.19
NODE 7957 8108 TRANSFER 134217728 0.0
NODE 7958 8112 TRANSFER 134217728 0.0
NODE 7959 8114 TRANSFER 134217728 0.0
NODE 7960 8116 TRANSFER 134217728 0.0
NODE 7961 8116 TRANSFER 134217728 0.0
NODE 7962 8117 TRANSFER 134217728 0.0
NODE 7963 8119 TRANSFER 134217728 0.0
NODE 7865 7964,7965,7966,7967,7968,7969,7970 COMPUTATION 292434961104 0.02
NODE 7964 8103 TRANSFER 536870912 0.0
NODE 7965 8105 TRANSFER 536870912 0.0
NODE 7966 8109 TRANSFER 536870912 0.0
NODE 7967 8114 TRANSFER 536870912 0.0
NODE 7968 8115 TRANSFER 536870912 0.0
NODE 7969 8116 TRANSFER 536870912 0.0
NODE 7970 8118 TRANSFER 536870912 0.0
NODE 7866 7971,7972,7973,7974,7975,7976,7977 COMPUTATION 26514271488 0.08
NODE 7971 8102 TRANSFER 838860800 0.0
NODE 7972 8110 TRANSFER 838860800 0.0
NODE 7973 8113 TRANSFER 838860800 0.0
NODE 7974 8115 TRANSFER 838860800 0.0
NODE 7975 8121 TRANSFER 838860800 0.0
NODE 7976 8122 TRANSFER 838860800 0.0
NODE 7977 8124 TRANSFER 838860800 0.0
NODE 7867 7978,7979,7980,7981,7982,7983,7984,7985,7986,7987 COMPUTATION 68719476736 0.09
NODE 7978 8105 TRANSFER 134217728 0.0
NODE 7979 8108 TRANSFER 134217728 0.0
NODE 7980 8111 TRANSFER 134217728 0.0
NODE 7981 8113 TRANSFER 134217728 0.0
NODE 7982 8116 TRANSFER 134217728 0.0
NODE 7983 8118 TRANSFER 134217728 0.0
NODE 7984 8121 TRANSFER 134217728 0.0
NODE 7985 8122 TRANSFER 134217728 0.0
NODE 7986 8124 TRANSFER 134217728 0.0
NODE 7987 8125 TRANSFER 134217728 0.0
NODE 7868 7988,7989,7990,7991,7992,7993,7994,7995,7996 COMPUTATION 37668404414 0.14
NODE 7988 8100 TRANSFER 33554432 0.0
NODE 7989 8106 TRANSFER 33554432 0.0
NODE 7990 8107 TRANSFER 33554432 0.0
NODE 7991 8113 TRANSFER 33554432 0.0
NODE 7992 8114 TRANSFER 33554432 0.0
NODE 7993 8115 TRANSFER 33554432 0.0
NODE 7994 8117 TRANSFER 33554432 0.0
NODE 7995 8118 TRANSFER 33554432 0.0
NODE 7996 8125 TRANSFER 33554432 0.0
NODE 7869 7997,7998,7999 COMPUTATION 268856100629 0.15
NODE 7997 8098 TRANSFER 209715200 0.0
NODE 7998 8099 TRANSFER 209715200 0.0
NODE 7999 8109 TRANSFER 209715200 0.0
NODE 7870 8000,8001,8002,8003,8004,8005 COMPUTATION 68719476736 0.07
NODE 8000 8115 TRANSFER 134217728 0.0
NODE 8001 8117 TRANSFER 134217728 0.0
NODE 8002 8118 TRANSFER 134217728 0.0
NODE 8003 8119 TRANSFER 134217728 0.0
NODE 8004 8121 TRANSFER 134217728 0.0
NODE 8005 8122 TRANSFER 134217728 0.0
NODE 7871 8006,8007,8008,8009,8010,8011,8012,8013,8014 COMPUTATION 28991029248 0.08
NODE 8006 8098 TRANSFER 75497472 0.0
NODE 8007 8102 TRANSFER 75497472 0.0
NODE 8008 8103 TRANSFER 75497472 0.0
NODE 8009 8106 TRANSFER 75497472 0.0
NODE 8010 8107 TRANSFER 75497472 0.0
NODE 8011 8111 TRANSFER 75497472 0.0
NODE 8012 8114 TRANSFER 75497472 0.0
NODE 8013 8118 TRANSFER 75497472 0.0
NODE 8014 8122 TRANSFER 75497472 0.0
NODE 7872 8015,8016,8017,8018 COMPUTATION 549755813888 0.09
NODE 8015 8104 TRANSFER 536870912 0.0
NODE 8016 8105 TRANSFER 536870912 0.0
NODE 8017 8115 TRANSFER 536870912 0.0
NODE 8018 8118 TRANSFER 536870912 0.0
NODE 7873 8019,8020,8021,8022,8023,8024,8025,8026,8027 COMPUTATION 6603668898 0.04
NODE 8019 8100 TRANSFER 134217728 0.0
NODE 8020 8103 TRANSFER 134217728 0.0
NODE 8021 8105 TRANSFER 134217728 0.0
NODE 8022 8109 TRANSFER 134217728 0.0
NODE 8023 8110 TRANSFER 134217728 0.0
NODE 8024 8111 TRANSFER 134217728 0.0
NODE 8025 8113 TRANSFER 134217728 0.0
NODE 8026 8114 TRANSFER 134217728 0.0
NODE 8027 8118 TRANSFER 134217728 0.0
NODE 7874 8028,8029,8030,8031,8032 COMPUTATION 28991029248 0.08
NODE 8028 8102 TRANSFER 75497472 0.0
NODE 8029 8103 TRANSFER 75497472 0.0
NODE 8030 8114 TRANSFER 75497472 0.0
NODE 8031 8124 TRANSFER 75497472 0.0
NODE 8032 8125 TRANSFER 75497472 0.0
NODE 7875 8033,8034,8035,8036,8037,8038,8039,8040 COMPUTATION 782757789696 0.18
NODE 8033 8102 TRANSFER 679477248 0.0
NODE 8034 8103 TRANSFER 679477248 0.0
NODE 8035 8112 TRANSFER 679477248 0.0
NODE 8036 8114 TRANSFER 679477248 0.0
NODE 8037 8117 TRANSFER 679477248 0.0
NODE 8038 8119 TRANSFER 679477248 0.0
NODE 8039 8120 TRANSFER 679477248 0.0
NODE 8040 8123 TRANSFER 679477248 0.0
NODE 7876 8041,8042,8043,8044,8045,8046,8047,8048,8049,8050 COMPUTATION 1073741824000 0.06
NODE 8041 8106 TRANSFER 838860800 0.0
NODE 8042 8108 TRANSFER 838860800 0.0
NODE 8043 8109 TRANSFER 838860800 0.0
NODE 8044 8110 TRANSFER 838860800 0.0
NODE 8045 8113 TRANSFER 838860800 0.0
NODE 8046 8115 TRANSFER 838860800 0.0
NODE 8047 8117 TRANSFER 838860800 0.0
NODE 8048 8121 TRANSFER 838860800 0.0
NODE 8049 8123 TRANSFER 838860800 0.0
NODE 8050 8125 TRANSFER 838860800 0.0
NODE 7877 8051,8052,8053,8054 COMPUTATION 1058636394851 0.00
NODE 8051 8101 TRANSFER 679477248 0.0
NODE 8052 8115 TRANSFER 679477248 0.0
NODE 8053 8116 TRANSFER 679477248 0.0
NODE 8054 8117 TRANSFER 679477248 0.0
NODE 7878 8055,8056,8057,8058,8059,8060 COMPUTATION 184277817960 0.13
NODE 8055 8105 TRANSFER 301989888 0.0
NODE 8056 8108 TRANSFER 301989888 0.0
NODE 8057 8113 TRANSFER 301989888 0.0
NODE 8058 8114 TRANSFER 301989888 0.0
NODE 8059 8116 TRANSFER 301989888 0.0
NODE 8060 8120 TRANSFER 301989888 0.0
NODE 7879 8061,8062,8063,8064,8065,8066,8067,8068,8069,8070 COMPUTATION 153085097704 0.05
NODE 8061 8105 TRANSFER 301989888 0.0
NODE 8062 8108 TRANSFER 301989888 0.0
NODE 8063 8111 TRANSFER 301989888 0.0
NODE 8064 8113 TRANSFER 301989888 0.0
NODE 8065 8114 TRANSFER 301989888 0.0
NODE 8066 8115 TRANSFER 301989888 0.0
NODE 8067 8117 TRANSFER 301989888 0.0
NODE 8068 8118 TRANSFER 301989888 0.0
NODE 8069 8121 TRANSFER 301989888 0.0
NODE 8070 8122 TRANSFER 301989888 0.0
NODE 7880 8071,8072,8073,8074,8075 COMPUTATION 99935618520 0.10
NODE 8071 8102 TRANSFER 134217728 0.0
NODE 8072 8105 TRANSFER 134217728 0.0
NODE 8073 8111 TRANSFER 134217728 0.0
NODE 8074 8122 TRANSFER 134217728 0.0
NODE 8075 8124 TRANSFER 134217728 0.0
NODE 7881 8076,8077,8078 COMPUTATION 28991029248 0.06
NODE 8076 8100 TRANSFER 75497472 0.0
NODE 8077 8105 TRANSFER 75497472 0.0
NODE 8078 8122 TRANSFER 75497472 0.0
NODE 7882 8079,8080,8081,8082,8083,8084,8085,8086,8087,8088 COMPUTATION 28991029248 0.20
NODE 8079 8098 TRANSFER 75497472 0.0
NODE 8080 8101 TRANSFER 75497472 0.0
NODE 8081 8102 TRANSFER 75497472 0.0
NODE 8082 8109 TRANSFER 75497472 0.0
NODE 8083 8110 TRANSFER 75497472 0.0
NODE 8084 8113 TRANSFER 75497472 0.0
NODE 8085 8115 TRANSFER 75497472 0.0
NODE 8086 8117 TRANSFER 75497472 0.0
NODE 8087 8118 TRANSFER 75497472 0.0
NODE 8088 8121 TRANSFER 75497472 0.0
NODE 7883 8089,8090,8091,8092,8093,8094,8095,8096,8097 COMPUTATION 10790632442 0.07
NODE 8089 8100 TRANSFER 301989888 0.0
NODE 8090 8102 TRANSFER 301989888 0.0
NODE 8091 8103 TRANSFER 301989888 0.0
NODE 8092 8106 TRANSFER 301989888 0.0
NODE 8093 8112 TRANSFER 301989888 0.0
NODE 8094 8114 TRANSFER 301989888 0.0
NODE 8095 8115 TRANSFER 301989888 0.0
NODE 8096 8117 TRANSFER 301989888 0.0
NODE 8097 8121 TRANSFER 301989888 0.0
NODE 8098 8126,8127,8128,8129,8130,8131,8132,8133,8134,8135,8136,8137,8138,8139,8140 COMPUTATION 231928233984 0.06
NODE 8126 8403 TRANSFER 301989888 0.0
NODE 8127 8405 TRANSFER 301989888 0.0
NODE 8128 8408 TRANSFER 301989888 0.0
NODE 8129 8410 TRANSFER 301989888 0.0
NODE 8130 8411 TRANSFER 301989888 0.0
NODE 8131 8412 TRANSFER 301989888 0.0
NODE 8132 8413 TRANSFER 301989888 0.0
NODE 8133 8414 TRANSFER 301989888 0.0
NODE 8134 8415 TRANSFER 301989888 0.0
NODE 8135 8416 TRANSFER 301989888 0.0
NODE 8136 8422 TRANSFER 301989888 0.0
NODE 8137 8423 TRANSFER 301989888 0.0
NODE 8138 8425 TRANSFER 301989888 0.0
NODE 8139 8427 TRANSFER 301989888 0.0
NODE 8140 8429 TRANSFER 301989888 0.0
NODE 8099 8141,8142,8143,8144,8145,8146,8147,8148,8149 COMPUTATION 134217728000 0.19
NODE 8141 8407 TRANSFER 209715200 0.0
NODE 8142 8408 TRANSFER 209715200 0.0
NODE 8143 8408 TRANSFER 209715200 0.0
NODE 8144 8411 TRANSFER 209715200 0.0
NODE 8145 8413 TRANSFER 209715200 0.0
NODE 8146 8421 TRANSFER 209715200 0.0
NODE 8147 8423 TRANSFER 209715200 0.0
NODE 8148 8426 TRANSFER 209715200 0.0
NODE 8149 8430 TRANSFER 209715200 0.0
NODE 8100 8150,8151,8152,8153,8154,8155,8156,8157 COMPUTATION 37783211688 0.11
NODE 8150 8408 TRANSFER 838860800 0.0
NODE 8151 8409 TRANSFER 838860800 0.0
NODE 8152 8410 TRANSFER 838860800 0.0
NODE 8153 8414 TRANSFER 838860800 0.0
NODE 8154 8421 TRANSFER 838860800 0.0
NODE 8155 8424 TRANSFER 838860800 0.0
NODE 8156 8429 TRANSFER 838860800 0.0
NODE 8157 8435 TRANSFER 838860800 0.0
NODE 8101 8158,8159,8160,8161,8162,8163,8164,8165,8166,8167,8168 COMPUTATION 782757789696 0.03
NODE 8158 8408 TRANSFER 679477248 0.0
NODE 8159 8409 TRANSFER 679477248 0.0
NODE 8160 8413 TRANSFER 679477248 0.0
NODE 8161 8416 TRANSFER 679477248 0.0
NODE 8162 8420 TRANSFER 679477248 0.0
NODE 8163 8423 TRANSFER 679477248 0.0
NODE 8164 8429 TRANSFER 679477248 0.0
NODE 8165 8431 TRANSFER 679477248 0.0
NODE 8166 8432 TRANSFER 679477248 0.0
NODE 8167 8433 TRANSFER 679477248 0.0
NODE 8168 8435 TRANSFER 679477248 0.0
NODE 8102 8169,8170,8171,8172,8173,8174,8175,8176,8177,8178,8179,8180 COMPUTATION 1256161460 0.05
NODE 8169 8403 TRANSFER 33554432 0.0
NODE 8170 8413 TRANSFER 33554432 0.0
NODE 8171 8414 TRANSFER 33554432 0.0
NODE 8172 8415 TRANSFER 33554432 0.0
NODE 8173 8417 TRANSFER 33554432 0.0
NODE 8174 8421 TRANSFER 33554432 0.0
NODE 8175 8425 TRANSFER 33554432 0.0
NODE 8176 8426 TRANSFER 33554432 0.0
NODE 8177 8429 TRANSFER 33554432 0.0
NODE 8178 8430 TRANSFER 33554432 0.0
NODE 8179 8431 TRANSFER 33554432 0.0
NODE 8180 8435 TRANSFER 33554432 0.0
NODE 8103 8181,8182,8183,8184,8185,8186,8187,8188,8189,8190,8191 COMPUTATION 501680600565 0.18
NODE 8181 8403 TRANSFER 679477248 0.0
NODE 8182 8407 TRANSFER 679477248 0.0
NODE 8183 8409 TRANSFER 679477248 0.0
NODE 8184 8412 TRANSFER 679477248 0.0
NODE 8185 8414 TRANSFER 679477248 0.0
NODE 8186 8421 TRANSFER 679477248 0.0
NODE 8187 8422 TRANSFER 679477248 0.0
NODE 8188 8426 TRANSFER 679477248 0.0
NODE 8189 8428 TRANSFER 679477248 0.0
NODE 8190 8430 TRANSFER 679477248 0.0
NODE 8191 8431 TRANSFER 679477248 0.0
NODE 8104 8192,8193,8194,8195,8196,8197,8198,8199,8200,8201,8202,8203,8204,8205,8206 COMPUTATION 283458510348 0.03
NODE 8192 8403 TRANSFER 536870912 0.0
NODE 8193 8407 TRANSFER 536870912 0.0
NODE 8194 8415 TRANSFER 536870912 0.0
NODE 8195 8417 TRANSFER 536870912 0.0
NODE 8196 8418 TRANSFER 536870912 0.0
NODE 8197 8419 TRANSFER 536870912 0.0
NODE 8198 8421 TRANSFER 536870912 0.0
NODE 8199 8422 TRANSFER 536870912 0.0
NODE 8200 8423 TRANSFER 536870912 0.0
NODE 8201 8426 TRANSFER 536870912 0.0
NODE 8202 8428 TRANSFER 536870912 0.0
NODE 8203 8429 TRANSFER 536870912 0.0
NODE 8204 8431 TRANSFER 536870912 0.0
NODE 8205 8433 TRANSFER 536870912 0.0
NODE 8206 8434 TRANSFER 536870912 0.0
NODE 8105 8207,8208,8209,8210,8211,8212,8213,8214 COMPUTATION 726228642880 0.04
NODE 8207 8405 TRANSFER 536870912 0.0
NODE 8208 8407 TRANSFER 536870912 0.0
NODE 8209 8413 TRANSFER 536870912 0.0
NODE 8210 8421 TRANSFER 536870912 0.0
NODE 8211 8422 TRANSFER 536870912 0.0
NODE 8212 8426 TRANSFER 536870912 0.0
NODE 8213 8431 TRANSFER 536870912 0.0
NODE 8214 8433 TRANSFER 536870912 0.0
NODE 8106 8215,8216,8217,8218,8219,8220,8221,8222,8223 COMPUTATION 68719476736 0.15
NODE 8215 8404 TRANSFER 134217728 0.0
NODE 8216 8412 TRANSFER 134217728 0.0
NODE 8217 8421 TRANSFER 134217728 0.0
NODE 8218 8422 TRANSFER 134217728 0.0
NODE 8219 8429 TRANSFER 134217728 0.0
NODE 8220 8431 TRANSFER 134217728 0.0
NODE 8221 8431 TRANSFER 134217728 0.0
NODE 8222 8433 TRANSFER 134217728 0.0
NODE 8223 8434 TRANSFER 134217728 0.0
NODE 8107 8224,8225,8226,8227,8228,8229,8230 COMPUTATION 1073741824000 0.18
NODE 8224 8407 TRANSFER 838860800 0.0
NODE 8225 8408 TRANSFER 838860800 0.0
NODE 8226 8413 TRANSFER 838860800 0.0
NODE 8227 8417 TRANSFER 838860800 0.0
NODE 8228 8423 TRANSFER 838860800 0.0
NODE 8229 8429 TRANSFER 838860800 0.0
NODE 8230 8433 TRANSFER 838860800 0.0
NODE 8108 8231,8232,8233,8234,8235,8236,8237,8238,8239 COMPUTATION 135996227043 0.06
NODE 8231 8403 TRANSFER 209715200 0.0
NODE 8232 8405 TRANSFER 209715200 0.0
NODE 8233 8407 TRANSFER 209715200 0.0
NODE 8234 8409 TRANSFER 209715200 0.0
NODE 8235 8425 TRANSFER 209715200 0.0
NODE 8236 8430 TRANSFER 209715200 0.0
NODE 8237 8431 TRANSFER 209715200 0.0
NODE 8238 8434 TRANSFER 209715200 0.0
NODE 8239 8435 TRANSFER 209715200 0.0
NODE 8109 8240,8241,8242,8243,8244,8245,8246,8247,8248,8249,8250,8251,8252 COMPUTATION 469220127571 0.02
NODE 8240 8405 TRANSFER 838860800 0.0
NODE 8241 8405 TRANSFER 838860800 0.0
NODE 8242 8407 TRANSFER 838860800 0.0
NODE 8243 8408 TRANSFER 838860800 0.0
NODE 8244 8409 TRANSFER 838860800 0.0
NODE 8245 8413 TRANSFER 838860800 0.0
NODE 8246 8414 TRANSFER 838860800 0.0
NODE 8247 8417 TRANSFER 838860800 0.0
NODE 8248 8421 TRANSFER 838860800 0.0
NODE 8249 8425 TRANSFER 838860800 0.0
NODE 8250 8427 TRANSFER 838860800 0.0
NODE 8251 8430 TRANSFER 838860800 0.0
NODE 8252 8431 TRANSFER 838860800 0.0
NODE 8110 8253,8254,8255,8256,8257,8258 COMPUTATION 6805366236 0.11
NODE 8253 8405 TRANSFER 536870912 0.0
NODE 8254 8407 TRANSFER 536870912 0.0
NODE 8255 8412 TRANSFER 536870912 0.0
NODE 8256 8419 TRANSFER 536870912 0.0
NODE 8257 8430 TRANSFER 536870912 0.0
NODE 8258 8435 TRANSFER 536870912 0.0
NODE 8111 8259,8260,8261,8262,8263,8264,8265,8266 COMPUTATION 134217728000 0.03
NODE 8259 8404 TRANSFER 209715200 0.0
NODE 8260 8409 TRANSFER 209715200 0.0
NODE 8261 8412 TRANSFER 209715200 0.0
NODE 8262 8413 TRANSFER 209715200 0.0
NODE 8263 8423 TRANSFER 209715200 0.0
NODE 8264 8424 TRANSFER 209715200 0.0
NODE 8265 8428 TRANSFER 209715200 0.0
NODE 8266 8429 TRANSFER 209715200 0.0
NODE 8112 8267,8268 COMPUTATION 19091789973 0.16
NODE 8267 8409 TRANSFER 33554432 0.0
NODE 8268 8424 TRANSFER 33554432 0.0
NODE 8113 8269,8270,8271,8272,8273,8274,8275,8276,8277,8278 COMPUTATION 8589934592 0.08
NODE 8269 8403 TRANSFER 33554432 0.0
NODE 8270 8406 TRANSFER 33554432 0.0
NODE 8271 8411 TRANSFER 33554432 0.0
NODE 8272 8414 TRANSFER 33554432 0.0
NODE 8273 8415 TRANSFER 33554432 0.0
NODE 8274 8417 TRANSFER 33554432 0.0
NODE 8275 8424 TRANSFER 33554432 0.0
NODE 8276 8430 TRANSFER 33554432 0.0
NODE 8277 8431 TRANSFER 33554432 0.0
NODE 8278 8433 TRANSFER 33554432 0.0
NODE 8114 8279,8280,8281,8282,8283,8284,8285,8286,8287,8288,8289,8290,8291 COMPUTATION 1162401725 0.19
NODE 8279 8403 TRANSFER 33554432 0.0
NODE 8280 8404 TRANSFER 33554432 0.0
NODE 8281 8411 TRANSFER 33554432 0.0
NODE 8282 8412 TRANSFER 33554432 0.0
NODE 8283 8413 TRANSFER 33554432 0.0
NODE 8284 8414 TRANSFER 33554432 0.0
NODE 8285 8415 TRANSFER 33554432 0.0
NODE 8286 8417 TRANSFER 33554432 0.0
NODE 8287 8420 TRANSFER 33554432 0.0
NODE 8288 8422 TRANSFER 33554432 0.0
NODE 8289 8425 TRANSFER 33554432 0.0
NODE 8290 8430 TRANSFER 33554432 0.0
NODE 8291 8431 TRANSFER 33554432 0.0
NODE 8115 8292,8293,8294,8295,8296,8297,8298 COMPUTATION 183644689056 0.14
NODE 8292 8403 TRANSFER 134217728 0.0
NODE 8293 8413 TRANSFER 134217728 0.0
NODE 8294 8414 TRANSFER 134217728 0.0
NODE 8295 8417 TRANSFER 134217728 0.0
NODE 8296 8420 TRANSFER 134217728 0.0
NODE 8297 8431 TRANSFER 134217728 0.0
NODE 8298 8433 TRANSFER 134217728 0.0
NODE 8116 8299,8300,8301,8302,8303,8304,8305,8306,8307,8308,8309,8310,8311,8312,8313 COMPUTATION 28991029248 0.04
NODE 8299 8403 TRANSFER 75497472 0.0
NODE 8300 8410 TRANSFER 75497472 0.0
NODE 8301 8413 TRANSFER 75497472 0.0
NODE 8302 8417 TRANSFER 75497472 0.0
NODE 8303 8420 TRANSFER 75497472 0.0
NODE 8304 8421 TRANSFER 75497472 0.0
NODE 8305 8422 TRANSFER 75497472 0.0
NODE 8306 8423 TRANSFER 75497472 0.0
NODE 8307 8424 TRANSFER 75497472 0.0
NODE 8308 8425 TRANSFER 75497472 0.0
NODE 8309 8426 TRANSFER 75497472 0.0
NODE 8310 8429 TRANSFER 75497472 0.0
NODE 8311 8431 TRANSFER 75497472 0.0
NODE 8312 8432 TRANSFER 75497472 0.0
NODE 8313 8433 TRANSFER 75497472 0.0
NODE 8117 8314,8315,8316,8317,8318,8319,8320,8321,8322,8323,8324 COMPUTATION 231928233984 0.05
NODE 8314 8403 TRANSFER 301989888 0.0
NODE 8315 8405 TRANSFER 301989888 0.0
NODE 8316 8407 TRANSFER 301989888 0.0
NODE 8317 8408 TRANSFER 301989888 0.0
NODE 8318 8412 TRANSFER 301989888 0.0
NODE 8319 8420 TRANSFER 301989888 0.0
NODE 8320 8421 TRANSFER 301989888 0.0
NODE 8321 8423 TRANSFER 301989888 0.0
NODE 8322 8427 TRANSFER 301989888 0.0
NODE 8323 8431 TRANSFER 301989888 0.0
NODE 8324 8434 TRANSFER 301989888 0.0
NODE 8118 8325,8326,8327,8328,8329,8330,8331,8332,8333,8334,8335 COMPUTATION 12581230066 0.19
NODE 8325 8403 TRANSFER 301989888 0.0
NODE 8326 8405 TRANSFER 301989888 0.0
NODE 8327 8407 TRANSFER 301989888 0.0
NODE 8328 8409 TRANSFER 301989888 0.0
NODE 8329 8412 TRANSFER 301989888 0.0
NODE 8330 8415 TRANSFER 301989888 0.0
NODE 8331 8420 TRANSFER 301989888 0.0
NODE 8332 8422 TRANSFER 301989888 0.0
NODE 8333 8423 TRANSFER 301989888 0.0
NODE 8334 8426 TRANSFER 301989888 0.0
NODE 8335 8430 TRANSFER 301989888 0.0
NODE 8119 8336,8337,8338,8339,8340,8341,8342,8343,8344,8345,8346,8347,8348,8349,8350 COMPUTATION 5838901144 0.10
NODE 8336 8407 TRANSFER 301989888 0.0
NODE 8337 8408 TRANSFER 301989888 0.0
NODE 8338 8411 TRANSFER 301989888 0.0
NODE 8339 8412 TRANSFER 301989888 0.0
NODE 8340 8413 TRANSFER 301989888 0.0
NODE 8341 8416 TRANSFER 301989888 0.0
NODE 8342 8417 TRANSFER 301989888 0.0
NODE 8343 8420 TRANSFER 301989888 0.0
NODE 8344 8421 TRANSFER 301989888 0.0
NODE 8345 8422 TRANSFER 301989888 0.0
NODE 8346 8424 TRANSFER 301989888 0.0
NODE 8347 8426 TRANSFER 301989888 0.0
NODE 8348 8428 TRANSFER 301989888 0.0
NODE 8349 8430 TRANSFER 301989888 0.0
NODE 8350 8435 TRANSFER 301989888 0.0
NODE 8120 8351,8352,8353,8354 COMPUTATION 231928233984 0.13
NODE 8351 8411 TRANSFER 301989888 0.0
NODE 8352 8422 TRANSFER 301989888 0.0
NODE 8353 8426 TRANSFER 301989888 0.0
NODE 8354 8429 TRANSFER 301989888 0.0
NODE 8121 8355,8356,8357,8358,8359,8360,8361,8362,8363,8364 COMPUTATION 43184957171 0.05
NODE 8355 8405 TRANSFER 75497472 0.0
NODE 8356 8409 TRANSFER 75497472 0.0
NODE 8357 8420 TRANSFER 75497472 0.0
NODE 8358 8422 TRANSFER 75497472 0.0
NODE 8359 8423 TRANSFER 75497472 0.0
NODE 8360 8424 TRANSFER 75497472 0.0
NODE 8361 8425 TRANSFER 75497472 0.0
NODE 8362 8429 TRANSFER 75497472 0.0
NODE 8363 8434 TRANSFER 75497472 0.0
NODE 8364 8435 TRANSFER 75497472 0.0
NODE 8122 8365,8366,8367,8368,8369,8370,8371,8372,8373 COMPUTATION 549755813888 0.00
NODE 8365 8410 TRANSFER 536870912 0.0
NODE 8366 8417 TRANSFER 536870912 0.0
NODE 8367 8419 TRANSFER 536870912 0.0
NODE 8368 8420 TRANSFER 536870912 0.0
NODE 8369 8422 TRANSFER 536870912 0.0
NODE 8370 8426 TRANSFER 536870912 0.0
NODE 8371 8428 TRANSFER 536870912 0.0
NODE 8372 8432 TRANSFER 536870912 0.0
NODE 8373 8433 TRANSFER 536870912 0.0
NODE 8123 8374,8375,8376,8377,8378,8379,8380,8381,8382,8383,8384 COMPUTATION 46961076668 0.06
NODE 8374 8407 TRANSFER 33554432 0.0
NODE 8375 8409 TRANSFER 33554432 0.0
NODE 8376 8412 TRANSFER 33554432 0.0
NODE 8377 8417 TRANSFER 33554432 0.0
NODE 8378 8420 TRANSFER 33554432 0.0
NODE 8379 8421 TRANSFER 33554432 0.0
NODE 8380 8423 TRANSFER 33554432 0.0
NODE 8381 8424 TRANSFER 33554432 0.0
NODE 8382 8429 TRANSFER 33554432 0.0
NODE 8383 8430 TRANSFER 33554432 0.0
NODE 8384 8433 TRANSFER 33554432 0.0
NODE 8124 8385,8386,8387,8388,8389,8390,8391,8392,8393 COMPUTATION 149724460392 0.14
NODE 8385 8407 TRANSFER 134217728 0.0
NODE 8386 8409 TRANSFER 134217728 0.0
NODE 8387 8419 TRANSFER 134217728 0.0
NODE 8388 8422 TRANSFER 134217728 0.0
NODE 8389 8424 TRANSFER 134217728 0.0
NODE 8390 8425 TRANSFER 134217728 0.0
NODE 8391 8430 TRANSFER 134217728 0.0
NODE 8392 8433 TRANSFER 134217728 0.0
NODE 8393 8435 TRANSFER 134217728 0.0
NODE 8125 8394,8395,8396,8397,8398,8399,8400,8401,8402 COMPUTATION 89857699445 0.13
NODE 8394 8407 TRANSFER 75497472 0.0
NODE 8395 8412 TRANSFER 75497472 0.0
NODE 8396 8413 TRANSFER 75497472 0.0
NODE 8397 8414 TRANSFER 75497472 0.0
NODE 8398 8421 TRANSFER 75497472 0.0
NODE 8399 8422 TRANSFER 75497472 0.0
NODE 8400 8430 TRANSFER 75497472 0.0
NODE 8401 8433 TRANSFER 75497472 0.0
NODE 8402 8435 TRANSFER 75497472 0.0
NODE 8403 8436,8437,8438,8439,8440,8441,8442,8443,8444,8445,8446 COMPUTATION 10119834333 0.17
NODE 8436 8762 TRANSFER 209715200 0.0
NODE 8437 8765 TRANSFER 209715200 0.0
NODE 8438 8773 TRANSFER 209715200 0.0
NODE 8439 8777 TRANSFER 209715200 0.0
NODE 8440 8778 TRANSFER 209715200 0.0
NODE 8441 8779 TRANSFER 209715200 0.0
NODE 8442 8784 TRANSFER 209715200 0.0
NODE 8443 8786 TRANSFER 209715200 0.0
NODE 8444 8788 TRANSFER 209715200 0.0
NODE 8445 8789 TRANSFER 209715200 0.0
NODE 8446 8790 TRANSFER 209715200 0.0
NODE 8404 8447,8448,8449,8450,8451 COMPUTATION 1010372297225 0.09
NODE 8447 8774 TRANSFER 838860800 0.0
NODE 8448 8777 TRANSFER 838860800 0.0
NODE 8449 8783 TRANSFER 838860800 0.0
NODE 8450 8789 TRANSFER 838860800 0.0
NODE 8451 8791 TRANSFER 838860800 0.0
NODE 8405 8452,8453,8454,8455,8456,8457 COMPUTATION 1495969480 0.05
NODE 8452 8764 TRANSFER 33554432 0.0
NODE 8453 8770 TRANSFER 33554432 0.0
NODE 8454 8774 TRANSFER 33554432 0.0
NODE 8455 8784 TRANSFER 33554432 0.0
NODE 8456 8787 TRANSFER 33554432 0.0
NODE 8457 8789 TRANSFER 33554432 0.0
NODE 8406 8458,8459,8460,8461,8462,8463,8464,8465,8466,8467 COMPUTATION 1073741824000 0.15
NODE 8458 8770 TRANSFER 838860800 0.0
NODE 8459 8772 TRANSFER 838860800 0.0
NODE 8460 8775 TRANSFER 838860800 0.0
NODE 8461 8781 TRANSFER 838860800 0.0
NODE 8462 8783 TRANSFER 838860800 0.0
NODE 8463 8784 TRANSFER 838860800 0.0
NODE 8464 8788 TRANSFER 838860800 0.0
NODE 8465 8789 TRANSFER 838860800 0.0
NODE 8466 8790 TRANSFER 838860800 0.0
NODE 8467 8792 TRANSFER 838860800 0.0
NODE 8407 8468,8469,8470,8471,8472,8473,8474,8475,8476,8477,8478 COMPUTATION 147047095548 0.08
NODE 8468 8764 TRANSFER 134217728 0.0
NODE 8469 8769 TRANSFER 134217728 0.0
NODE 8470 8771 TRANSFER 134217728 0.0
NODE 8471 8772 TRANSFER 134217728 0.0
NODE 8472 8774 TRANSFER 134217728 0.0
NODE 8473 8777 TRANSFER 134217728 0.0
NODE 8474 8781 TRANSFER 134217728 0.0
NODE 8475 8783 TRANSFER 134217728 0.0
NODE 8476 8784 TRANSFER 134217728 0.0
NODE 8477 8788 TRANSFER 134217728 0.0
NODE 8478 8789 TRANSFER 134217728 0.0
NODE 8408 8479,8480,8481,8482,8483,8484,8485,8486,8487 COMPUTATION 345772277148 0.18
NODE 8479 8766 TRANSFER 411041792 0.0
NODE 8480 8769 TRANSFER 411041792 0.0
NODE 8481 8770 TRANSFER 411041792 0.0
NODE 8482 8771 TRANSFER 411041792 0.0
NODE 8483 8772 TRANSFER 411041792 0.0
NODE 8484 8777 TRANSFER 411041792 0.0
NODE 8485 8783 TRANSFER 411041792 0.0
NODE 8486 8783 TRANSFER 411041792 0.0
NODE 8487 8789 TRANSFER 411041792 0.0
NODE 8409 8488,8489,8490,8491,8492,8493,8494,8495,8496,8497,8498 COMPUTATION 1360708410 0.05
NODE 8488 8765 TRANSFER 75497472 0.0
NODE 8489 8770 TRANSFER 75497472 0.0
NODE 8490 8773 TRANSFER 75497472 0.0
NODE 8491 8777 TRANSFER 75497472 0.0
NODE 8492 8778 TRANSFER 75497472 0.0
NODE 8493 8779 TRANSFER 75497472 0.0
NODE 8494 8786 TRANSFER 75497472 0.0
NODE 8495 8789 TRANSFER 75497472 0.0
NODE 8496 8789 TRANSFER 75497472 0.0
NODE 8497 8791 TRANSFER 75497472 0.0
NODE 8498 8792 TRANSFER 75497472 0.0
NODE 8410 8499,8500,8501,8502,8503,8504,8505,8506 COMPUTATION 1073741824000 0.07
NODE 8499 8762 TRANSFER 838860800 0.0
NODE 8500 8764 TRANSFER 838860800 0.0
NODE 8501 8765 TRANSFER 838860800 0.0
NODE 8502 8770 TRANSFER 838860800 0.0
NODE 8503 8773 TRANSFER 838860800 0.0
NODE 8504 8779 TRANSFER 838860800 0.0
NODE 8505 8784 TRANSFER 838860800 0.0
NODE 8506 8792 TRANSFER 838860800 0.0
NODE 8411 8507,8508,8509,8510,8511 COMPUTATION 68719476736 0.04
NODE 8507 8762 TRANSFER 134217728 0.0
NODE 8508 8776 TRANSFER 134217728 0.0
NODE 8509 8779 TRANSFER 134217728 0.0
NODE 8510 8784 TRANSFER 134217728 0.0
NODE 8511 8793 TRANSFER 134217728 0.0
NODE 8412 8512,8513,8514,8515,8516,8517,8518,8519,8520,8521 COMPUTATION 28991029248 0.03
NODE 8512 8764 TRANSFER 75497472 0.0
NODE 8513 8765 TRANSFER 75497472 0.0
NODE 8514 8769 TRANSFER 75497472 0.0
NODE 8515 8770 TRANSFER 75497472 0.0
NODE 8516 8771 TRANSFER 75497472 0.0
NODE 8517 8779 TRANSFER 75497472 0.0
NODE 8518 8786 TRANSFER 75497472 0.0
NODE 8519 8787 TRANSFER 75497472 0.0
NODE 8520 8788 TRANSFER 75497472 0.0
NODE 8521 8789 TRANSFER 75497472 0.0
NODE 8413 8522,8523,8524,8525,8526,8527,8528,8529,8530,8531,8532 COMPUTATION 28991029248 0.02
NODE 8522 8762 TRANSFER 75497472 0.0
NODE 8523 8764 TRANSFER 75497472 0.0
NODE 8524 8770 TRANSFER 75497472 0.0
NODE 8525 8771 TRANSFER 75497472 0.0
NODE 8526 8772 TRANSFER 75497472 0.0
NODE 8527 8776 TRANSFER 75497472 0.0
NODE 8528 8779 TRANSFER 75497472 0.0
NODE 8529 8786 TRANSFER 75497472 0.0
NODE 8530 8787 TRANSFER 75497472 0.0
NODE 8531 8789 TRANSFER 75497472 0.0
NODE 8532 8793 TRANSFER 75497472 0.0
NODE 8414 8533,8534,8535,8536,8537,8538,8539,8540,8541,8542 COMPUTATION 782757789696 0.03
NODE 8533 8762 TRANSFER 679477248 0.0
NODE 8534 8764 TRANSFER 679477248 0.0
NODE 8535 8765 TRANSFER 679477248 0.0
NODE 8536 8772 TRANSFER 679477248 0.0
NODE 8537 8776 TRANSFER 679477248 0.0
NODE 8538 8779 TRANSFER 679477248 0.0
NODE 8539 8784 TRANSFER 679477248 0.0
NODE 8540 8786 TRANSFER 679477248 0.0
NODE 8541 8788 TRANSFER 679477248 0.0
NODE 8542 8791 TRANSFER 679477248 0.0
NODE 8415 8543,8544,8545,8546,8547,8548,8549,8550,8551,8552,8553 COMPUTATION 16589122351 0.05
NODE 8543 8764 TRANSFER 411041792 0.0
NODE 8544 8769 TRANSFER 411041792 0.0
NODE 8545 8770 TRANSFER 411041792 0.0
NODE 8546 8771 TRANSFER 411041792 0.0
NODE 8547 8772 TRANSFER 411041792 0.0
NODE 8548 8775 TRANSFER 411041792 0.0
NODE 8549 8776 TRANSFER 411041792 0.0
NODE 8550 8786 TRANSFER 411041792 0.0
NODE 8551 8788 TRANSFER 411041792 0.0
NODE 8552 8791 TRANSFER 411041792 0.0
NODE 8553 8792 TRANSFER 411041792 0.0
NODE 8416 8554,8555,8556,8557,8558,8559,8560,8561,8562 COMPUTATION 727960105 0.03
NODE 8554 8772 TRANSFER 33554432 0.0
NODE 8555 8774 TRANSFER 33554432 0.0
NODE 8556 8776 TRANSFER 33554432 0.0
NODE 8557 8778 TRANSFER 33554432 0.0
NODE 8558 8787 TRANSFER 33554432 0.0
NODE 8559 8789 TRANSFER 33554432 0.0
NODE 8560 8790 TRANSFER 33554432 0.0
NODE 8561 8791 TRANSFER 33554432 0.0
NODE 8562 8792 TRANSFER 33554432 0.0
NODE 8417 8563,8564,8565,8566,8567,8568,8569,8570,8571,8572 COMPUTATION 134217728000 0.08
NODE 8563 8765 TRANSFER 209715200 0.0
NODE 8564 8774 TRANSFER 209715200 0.0
NODE 8565 8776 TRANSFER 209715200 0.0
NODE 8566 8778 TRANSFER 209715200 0.0
NODE 8567 8779 TRANSFER 209715200 0.0
NODE 8568 8783 TRANSFER 209715200 0.0
NODE 8569 8784 TRANSFER 209715200 0.0
NODE 8570 8787 TRANSFER 209715200 0.0
NODE 8571 8788 TRANSFER 209715200 0.0
NODE 8572 8791 TRANSFER 209715200 0.0
NODE 8418 8573,8574,8575,8576,8577,8578,8579,8580,8581,8582,8583,8584 COMPUTATION 4843928853 0.12
NODE 8573 8762 TRANSFER 209715200 0.0
NODE 8574 8764 TRANSFER 209715200 0.0
NODE 8575 8767 TRANSFER 209715200 0.0
NODE 8576 8769 TRANSFER 209715200 0.0
NODE 8577 8777 TRANSFER 209715200 0.0
NODE 8578 8778 TRANSFER 209715200 0.0
NODE 8579 8782 TRANSFER 209715200 0.0
NODE 8580 8784 TRANSFER 209715200 0.0
NODE 8581 8787 TRANSFER 209715200 0.0
NODE 8582 8788 TRANSFER 209715200 0.0
NODE 8583 8789 TRANSFER 209715200 0.0
NODE 8584 8791 TRANSFER 209715200 0.0
NODE 8419 8585,8586,8587,8588,8589,8590,8591,8592,8593,8594 COMPUTATION 549755813888 0.17
NODE 8585 8765 TRANSFER 536870912 0.0
NODE 8586 8767 TRANSFER 536870912 0.0
NODE 8587 8767 TRANSFER 536870912 0.0
NODE 8588 8769 TRANSFER 536870912 0.0
NODE 8589 8778 TRANSFER 536870912 0.0
NODE 8590 8782 TRANSFER 536870912 0.0
NODE 8591 8787 TRANSFER 536870912 0.0
NODE 8592 8788 TRANSFER 536870912 0.0
NODE 8593 8791 TRANSFER 536870912 0.0
NODE 8594 8793 TRANSFER 536870912 0.0
NODE 8420 8595,8596,8597,8598,8599,8600,8601,8602,8603,8604,8605,8606,8607,8608 COMPUTATION 7180709738 0.10
NODE 8595 8762 TRANSFER 209715200 0.0
NODE 8596 8764 TRANSFER 209715200 0.0
NODE 8597 8765 TRANSFER 209715200 0.0
NODE 8598 8768 TRANSFER 209715200 0.0
NODE 8599 8772 TRANSFER 209715200 0.0
NODE 8600 8775 TRANSFER 209715200 0.0
NODE 8601 8776 TRANSFER 209715200 0.0
NODE 8602 8777 TRANSFER 209715200 0.0
NODE 8603 8778 TRANSFER 209715200 0.0
NODE 8604 8779 TRANSFER 209715200 0.0
NODE 8605 8782 TRANSFER 209715200 0.0
NODE 8606 8784 TRANSFER 209715200 0.0
NODE 8607 8787 TRANSFER 209715200 0.0
NODE 8608 8788 TRANSFER 209715200 0.0
NODE 8421 8609,8610,8611,8612,8613,8614,8615,8616,8617,8618,8619,8620,8621,8622 COMPUTATION 28991029248 0.00
NODE 8609 8766 TRANSFER 75497472 0.0
NODE 8610 8769 TRANSFER 75497472 0.0
NODE 8611 8772 TRANSFER 75497472 0.0
NODE 8612 8775 TRANSFER 75497472 0.0
NODE 8613 8776 TRANSFER 75497472 0.0
NODE 8614 8777 TRANSFER 75497472 0.0
NODE 8615 8779 TRANSFER 75497472 0.0
NODE 8616 8781 TRANSFER 75497472 0.0
NODE 8617 8784 TRANSFER 75497472 0.0
NODE 8618 8786 TRANSFER 75497472 0.0
NODE 8619 8787 TRANSFER 75497472 0.0
NODE 8620 8788 TRANSFER 75497472 0.0
NODE 8621 8789 TRANSFER 75497472 0.0
NODE 8622 8793 TRANSFER 75497472 0.0
NODE 8422 8623,8624,8625,8626,8627,8628,8629,8630,8631,8632,8633 COMPUTATION 109044399432 0.18
NODE 8623 8762 TRANSFER 134217728 0.0
NODE 8624 8768 TRANSFER 134217728 0.0
NODE 8625 8774 TRANSFER 134217728 0.0
NODE 8626 8776 TRANSFER 134217728 0.0
NODE 8627 8779 TRANSFER 134217728 0.0
NODE 8628 8781 TRANSFER 134217728 0.0
NODE 8629 8784 TRANSFER 134217728 0.0
NODE 8630 8786 TRANSFER 134217728 0.0
NODE 8631 8788 TRANSFER 134217728 0.0
NODE 8632 8791 TRANSFER 134217728 0.0
NODE 8633 8792 TRANSFER 134217728 0.0
NODE 8423 8634,8635,8636,8637,8638,8639,8640,8641,8642,8643,8644,8645,8646,8647,8648 COMPUTATION 1614843403 0.01
NODE 8634 8763 TRANSFER 33554432 0.0
NODE 8635 8764 TRANSFER 33554432 0.0
NODE 8636 8770 TRANSFER 33554432 0.0
NODE 8637 8772 TRANSFER 33554432 0.0
NODE 8638 8775 TRANSFER 33554432 0.0
NODE 8639 8777 TRANSFER 33554432 0.0
NODE 8640 8778 TRANSFER 33554432 0.0
NODE 8641 8779 TRANSFER 33554432 0.0
NODE 8642 8781 TRANSFER 33554432 0.0
NODE 8643 8783 TRANSFER 33554432 0.0
NODE 8644 8784 TRANSFER 33554432 0.0
NODE 8645 8788 TRANSFER 33554432 0.0
NODE 8646 8791 TRANSFER 33554432 0.0
NODE 8647 8792 TRANSFER 33554432 0.0
NODE 8648 8793 TRANSFER 33554432 0.0
NODE 8424 8649,8650,8651,8652,8653,8654,8655,8656 COMPUTATION 21084989544 0.08
NODE 8649 8769 TRANSFER 838860800 0.0
NODE 8650 8770 TRANSFER 838860800 0.0
NODE 8651 8771 TRANSFER 838860800 0.0
NODE 8652 8777 TRANSFER 838860800 0.0
NODE 8653 8779 TRANSFER 838860800 0.0
NODE 8654 8786 TRANSFER 838860800 0.0
NODE 8655 8787 TRANSFER 838860800 0.0
NODE 8656 8789 TRANSFER 838860800 0.0
NODE 8425 8657,8658,8659,8660,8661,8662,8663,8664 COMPUTATION 1416276594 0.08
NODE 8657 8764 TRANSFER 33554432 0.0
NODE 8658 8769 TRANSFER 33554432 0.0
NODE 8659 8772 TRANSFER 33554432 0.0
NODE 8660 8777 TRANSFER 33554432 0.0
NODE 8661 8784 TRANSFER 33554432 0.0
NODE 8662 8786 TRANSFER 33554432 0.0
NODE 8663 8787 TRANSFER 33554432 0.0
NODE 8664 8791 TRANSFER 33554432 0.0
NODE 8426 8665,8666,8667,8668,8669,8670,8671,8672 COMPUTATION 782757789696 0.12
NODE 8665 8762 TRANSFER 679477248 0.0
NODE 8666 8779 TRANSFER 679477248 0.0
NODE 8667 8780 TRANSFER 679477248 0.0
NODE 8668 8783 TRANSFER 679477248 0.0
NODE 8669 8784 TRANSFER 679477248 0.0
NODE 8670 8786 TRANSFER 679477248 0.0
NODE 8671 8789 TRANSFER 679477248 0.0
NODE 8672 8791 TRANSFER 679477248 0.0
NODE 8427 8673,8674,8675,8676,8677,8678,8679,8680,8681,8682,8683,8684 COMPUTATION 68719476736 0.14
NODE 8673 8762 TRANSFER 134217728 0.0
NODE 8674 8764 TRANSFER 134217728 0.0
NODE 8675 8769 TRANSFER 134217728 0.0
NODE 8676 8772 TRANSFER 134217728 0.0
NODE 8677 8774 TRANSFER 134217728 0.0
NODE 8678 8775 TRANSFER 134217728 0.0
NODE 8679 8778 TRANSFER 134217728 0.0
NODE 8680 8779 TRANSFER 134217728 0.0
NODE 8681 8786 TRANSFER 134217728 0.0
NODE 8682 8787 TRANSFER 134217728 0.0
NODE 8683 8790 TRANSFER 134217728 0.0
NODE 8684 8791 TRANSFER 134217728 0.0
NODE 8428 8685,8686,8687,8688,8689,8690,8691,8692,8693 COMPUTATION 4304388044 0.10
NODE 8685 8762 TRANSFER 134217728 0.0
NODE 8686 8764 TRANSFER 134217728 0.0
NODE 8687 8767 TRANSFER 134217728 0.0
NODE 8688 8772 TRANSFER 134217728 0.0
NODE 8689 8775 TRANSFER 134217728 0.0
NODE 8690 8776 TRANSFER 134217728 0.0
NODE 8691 8779 TRANSFER 134217728 0.0
NODE 8692 8788 TRANSFER 134217728 0.0
NODE 8693 8791 TRANSFER 134217728 0.0
NODE 8429 8694,8695,8696,8697,8698,8699,8700,8701,8702 COMPUTATION 37545299878 0.03
NODE 8694 8764 TRANSFER 679477248 0.0
NODE 8695 8766 TRANSFER 679477248 0.0
NODE 8696 8767 TRANSFER 679477248 0.0
NODE 8697 8768 TRANSFER 679477248 0.0
NODE 8698 8769 TRANSFER 679477248 0.0
NODE 8699 8773 TRANSFER 679477248 0.0
NODE 8700 8775 TRANSFER 679477248 0.0
NODE 8701 8782 TRANSFER 679477248 0.0
NODE 8702 8786 TRANSFER 679477248 0.0
NODE 8430 8703,8704,8705,8706,8707,8708,8709,8710,8711 COMPUTATION 68719476736 0.07
NODE 8703 8762 TRANSFER 134217728 0.0
NODE 8704 8765 TRANSFER 134217728 0.0
NODE 8705 8766 TRANSFER 134217728 0.0
NODE 8706 8768 TRANSFER 134217728 0.0
NODE 8707 8769 TRANSFER 134217728 0.0
NODE 8708 8770 TRANSFER 134217728 0.0
NODE 8709 8772 TRANSFER 134217728 0.0
NODE 8710 8773 TRANSFER 134217728 0.0
NODE 8711 8778 TRANSFER 134217728 0.0
NODE 8431 8712,8713,8714,8715,8716,8717,8718,8719 COMPUTATION 104320082416 0.07
NODE 8712 8762 TRANSFER 209715200 0.0
NODE 8713 8768 TRANSFER 209715200 0.0
NODE 8714 8773 TRANSFER 209715200 0.0
NODE 8715 8783 TRANSFER 209715200 0.0
NODE 8716 8785 TRANSFER 209715200 0.0
NODE 8717 8787 TRANSFER 209715200 0.0
NODE 8718 8791 TRANSFER 209715200 0.0
NODE 8719 8793 TRANSFER 209715200 0.0
NODE 8432 8720,8721,8722,8723,8724,8725,8726,8727,8728,8729 COMPUTATION 12882872625 0.12
NODE 8720 8762 TRANSFER 301989888 0.0
NODE 8721 8764 TRANSFER 301989888 0.0
NODE 8722 8765 TRANSFER 301989888 0.0
NODE 8723 8766 TRANSFER 301989888 0.0
NODE 8724 8767 TRANSFER 301989888 0.0
NODE 8725 8769 TRANSFER 301989888 0.0
NODE 8726 8772 TRANSFER 301989888 0.0
NODE 8727 8773 TRANSFER 301989888 0.0
NODE 8728 8788 TRANSFER 301989888 0.0
NODE 8729 8792 TRANSFER 301989888 0.0
NODE 8433 8730,8731,8732,8733,8734,8735,8736,8737 COMPUTATION 115967658852 0.02
NODE 8730 8762 TRANSFER 134217728 0.0
NODE 8731 8763 TRANSFER 134217728 0.0
NODE 8732 8765 TRANSFER 134217728 0.0
NODE 8733 8769 TRANSFER 134217728 0.0
NODE 8734 8773 TRANSFER 134217728 0.0
NODE 8735 8781 TRANSFER 134217728 0.0
NODE 8736 8786 TRANSFER 134217728 0.0
NODE 8737 8787 TRANSFER 134217728 0.0
NODE 8434 8738,8739,8740,8741,8742,8743,8744,8745,8746,8747,8748,8749,8750 COMPUTATION 1073741824000 0.06
NODE 8738 8764 TRANSFER 838860800 0.0
NODE 8739 8765 TRANSFER 838860800 0.0
NODE 8740 8769 TRANSFER 838860800 0.0
NODE 8741 8772 TRANSFER 838860800 0.0
NODE 8742 8775 TRANSFER 838860800 0.0
NODE 8743 8776 TRANSFER 838860800 0.0
NODE 8744 8779 TRANSFER 838860800 0.0
NODE 8745 8784 TRANSFER 838860800 0.0
NODE 8746 8787 TRANSFER 838860800 0.0
NODE 8747 8788 TRANSFER 838860800 0.0
NODE 8748 8789 TRANSFER 838860800 0.0
NODE 8749 8791 TRANSFER 838860800 0.0
NODE 8750 8793 TRANSFER 838860800 0.0
NODE 8435 8751,8752,8753,8754,8755,8756,8757,8758,8759,8760,8761 COMPUTATION 10989321065 0.04
NODE 8751 8762 TRANSFER 679477248 0.0
NODE 8752 8765 TRANSFER 679477248 0.0
NODE 8753 8769 TRANSFER 679477248 0.0
NODE 8754 8770 TRANSFER 679477248 0.0
NODE 8755 8771 TRANSFER 679477248 0.0
NODE 8756 8773 TRANSFER 679477248 0.0
NODE 8757 8776 TRANSFER 679477248 0.0
NODE 8758 8784 TRANSFER 679477248 0.0
NODE 8759 8786 TRANSFER 679477248 0.0
NODE 8760 8789 TRANSFER 679477248 0.0
NODE 8761 8793 TRANSFER 679477248 0.0
NODE 8762 8794,8795,8796 COMPUTATION 205280359869 0.08
NODE 8794 8917 TRANSFER 411041792 0.0
NODE 8795 8921 TRANSFER 411041792 0.0
NODE 8796 8925 TRANSFER 411041792 0.0
NODE 8763 8797,8798,8799,8800 COMPUTATION 8589934592 0.07
NODE 8797 8921 TRANSFER 33554432 0.0
NODE 8798 8924 TRANSFER 33554432 0.0
NODE 8799 8925 TRANSFER 33554432 0.0
NODE 8800 8926 TRANSFER 33554432 0.0
NODE 8764 8801,8802,8803,8804,8805 COMPUTATION 782757789696 0.06
NODE 8801 8915 TRANSFER 679477248 0.0
NODE 8802 8919 TRANSFER 679477248 0.0
NODE 8803 8921 TRANSFER 679477248 0.0
NODE 8804 8925 TRANSFER 679477248 0.0
NODE 8805 8926 TRANSFER 679477248 0.0
NODE 8765 8806,8807,8808,8809,8810 COMPUTATION 248926833629 0.08
NODE 8806 8914 TRANSFER 679477248 0.0
NODE 8807 8923 TRANSFER 679477248 0.0
NODE 8808 8924 TRANSFER 679477248 0.0
NODE 8809 8925 TRANSFER 679477248 0.0
NODE 8810 8926 TRANSFER 679477248 0.0
NODE 8766 8811 COMPUTATION 399268957828 0.19
NODE 8811 8917 TRANSFER 536870912 0.0
NODE 8767 8812,8813,8814,8815,8816 COMPUTATION 782757789696 0.17
NODE 8812 8917 TRANSFER 679477248 0.0
NODE 8813 8921 TRANSFER 679477248 0.0
NODE 8814 8924 TRANSFER 679477248 0.0
NODE 8815 8925 TRANSFER 679477248 0.0
NODE 8816 8926 TRANSFER 679477248 0.0
NODE 8768 8817,8818,8819 COMPUTATION 37951498725 0.18
NODE 8817 8913 TRANSFER 33554432 0.0
NODE 8818 8914 TRANSFER 33554432 0.0
NODE 8819 8921 TRANSFER 33554432 0.0
NODE 8769 8820,8821,8822 COMPUTATION 332022065874 0.10
NODE 8820 8914 TRANSFER 838860800 0.0
NODE 8821 8921 TRANSFER 838860800 0.0
NODE 8822 8924 TRANSFER 838860800 0.0
NODE 8770 8823,8824 COMPUTATION 68719476736 0.08
NODE 8823 8919 TRANSFER 134217728 0.0
NODE 8824 8923 TRANSFER 134217728 0.0
NODE 8771 8825,8826,8827 COMPUTATION 29518673019 0.17
NODE 8825 8914 TRANSFER 838860800 0.0
NODE 8826 8919 TRANSFER 838860800 0.0
NODE 8827 8926 TRANSFER 838860800 0.0
NODE 8772 8828,8829,8830,8831 COMPUTATION 2427017383 0.20
NODE 8828 8916 TRANSFER 75497472 0.0
NODE 8829 8921 TRANSFER 75497472 0.0
NODE 8830 8922 TRANSFER 75497472 0.0
NODE 8831 8925 TRANSFER 75497472 0.0
NODE 8773 8832,8833,8834,8835,8836 COMPUTATION 391168206756 0.05
NODE 8832 8913 TRANSFER 301989888 0.0
NODE 8833 8914 TRANSFER 301989888 0.0
NODE 8834 8922 TRANSFER 301989888 0.0
NODE 8835 8923 TRANSFER 301989888 0.0
NODE 8836 8925 TRANSFER 301989888 0.0
NODE 8774 8837,8838,8839 COMPUTATION 2021194126 0.00
NODE 8837 8918 TRANSFER 75497472 0.0
NODE 8838 8922 TRANSFER 75497472 0.0
NODE 8839 8923 TRANSFER 75497472 0.0
NODE 8775 8840,8841,8842 COMPUTATION 3177211983 0.07
NODE 8840 8916 TRANSFER 134217728 0.0
NODE 8841 8919 TRANSFER 134217728 0.0
NODE 8842 8926 TRANSFER 134217728 0.0
NODE 8776 8843,8844,8845 COMPUTATION 46397904385 0.20
NODE 8843 8919 TRANSFER 33554432 0.0
NODE 8844 8919 TRANSFER 33554432 0.0
NODE 8845 8925 TRANSFER 33554432 0.0
NODE 8777 8846,8847,8848 COMPUTATION 865764944 0.09
NODE 8846 8919 TRANSFER 33554432 0.0
NODE 8847 8922 TRANSFER 33554432 0.0
NODE 8848 8923 TRANSFER 33554432 0.0
NODE 8778 8849,8850,8851,8852 COMPUTATION 21806591370 0.02
NODE 8849 8914 TRANSFER 33554432 0.0
NODE 8850 8919 TRANSFER 33554432 0.0
NODE 8851 8924 TRANSFER 33554432 0.0
NODE 8852 8926 TRANSFER 33554432 0.0
NODE 8779 8853,8854 COMPUTATION 25910881106 0.20
NODE 8853 8919 TRANSFER 679477248 0.0
NODE 8854 8922 TRANSFER 679477248 0.0
NODE 8780 8855,8856,8857,8858 COMPUTATION 309594817906 0.10
NODE 8855 8913 TRANSFER 838860800 0.0
NODE 8856 8920 TRANSFER 838860800 0.0
NODE 8857 8925 TRANSFER 838860800 0.0
NODE 8858 8926 TRANSFER 838860800 0.0
NODE 8781 8859,8860 COMPUTATION 473920450697 0.00
NODE 8859 8913 TRANSFER 679477248 0.0
NODE 8860 8919 TRANSFER 679477248 0.0
NODE 8782 8861 COMPUTATION 25904386280 0.20
NODE 8861 8917 TRANSFER 411041792 0.0
NODE 8783 8862,8863,8864 COMPUTATION 185247844176 0.06
NODE 8862 8915 TRANSFER 134217728 0.0
NODE 8863 8924 TRANSFER 134217728 0.0
NODE 8864 8925 TRANSFER 134217728 0.0
NODE 8784 8865,8866,8867,8868 COMPUTATION 782757789696 0.19
NODE 8865 8915 TRANSFER 679477248 0.0
NODE 8866 8919 TRANSFER 679477248 0.0
NODE 8867 8924 TRANSFER 679477248 0.0
NODE 8868 8926 TRANSFER 679477248 0.0
NODE 8785 8869,8870,8871,8872,8873 COMPUTATION 782757789696 0.19
NODE 8869 8914 TRANSFER 679477248 0.0
NODE 8870 8915 TRANSFER 679477248 0.0
NODE 8871 8917 TRANSFER 679477248 0.0
NODE 8872 8919 TRANSFER 679477248 0.0
NODE 8873 8920 TRANSFER 679477248 0.0
NODE 8786 8874,8875,8876,8877,8878,8879,8880,8881 COMPUTATION 33755293800 0.00
NODE 8874 8914 TRANSFER 75497472 0.0
NODE 8875 8915 TRANSFER 75497472 0.0
NODE 8876 8917 TRANSFER 75497472 0.0
NODE 8877 8918 TRANSFER 75497472 0.0
NODE 8878 8919 TRANSFER 75497472 0.0
NODE 8879 8921 TRANSFER 75497472 0.0
NODE 8880 8922 TRANSFER 75497472 0.0
NODE 8881 8923 TRANSFER 75497472 0.0
NODE 8787 8882,8883,8884 COMPUTATION 4660201060 0.14
NODE 8882 8914 TRANSFER 536870912 0.0
NODE 8883 8917 TRANSFER 536870912 0.0
NODE 8884 8921 TRANSFER 536870912 0.0
NODE 8788 8885,8886,8887,8888,8889,8890,8891,8892 COMPUTATION 110713589941 0.20
NODE 8885 8913 TRANSFER 75497472 0.0
NODE 8886 8914 TRANSFER 75497472 0.0
NODE 8887 8915 TRANSFER 75497472 0.0
NODE 8888 8917 TRANSFER 75497472 0.0
NODE 8889 8919 TRANSFER 75497472 0.0
NODE 8890 8921 TRANSFER 75497472 0.0
NODE 8891 8923 TRANSFER 75497472 0.0
NODE 8892 8925 TRANSFER 75497472 0.0
NODE 8789 8893,8894,8895,8896,8897 COMPUTATION 68719476736 0.20
NODE 8893 8913 TRANSFER 134217728 0.0
NODE 8894 8914 TRANSFER 134217728 0.0
NODE 8895 8918 TRANSFER 134217728 0.0
NODE 8896 8921 TRANSFER 134217728 0.0
NODE 8897 8925 TRANSFER 134217728 0.0
NODE 8790 8898,8899,8900,8901,8902,8903,8904 COMPUTATION 9460098512 0.05
NODE 8898 8913 TRANSFER 838860800 0.0
NODE 8899 8914 TRANSFER 838860800 0.0
NODE 8900 8915 TRANSFER 838860800 0.0
NODE 8901 8917 TRANSFER 838860800 0.0
NODE 8902 8919 TRANSFER 838860800 0.0
NODE 8903 8921 TRANSFER 838860800 0.0
NODE 8904 8925 TRANSFER 838860800 0.0
NODE 8791 8905,8906,8907 COMPUTATION 1073741824000 0.16
NODE 8905 8914 TRANSFER 838860800 0.0
NODE 8906 8914 TRANSFER 838860800 0.0
NODE 8907 8915 TRANSFER 838860800 0.0
NODE 8792 8908,8909 COMPUTATION 983320940563 0.14
NODE 8908 8919 TRANSFER 679477248 0.0
NODE 8909 8925 TRANSFER 679477248 0.0
NODE 8793 8910,8911,8912 COMPUTATION 368293445632 0.15
NODE 8910 8913 TRANSFER 411041792 0.0
NODE 8911 8918 TRANSFER 411041792 0.0
NODE 8912 8925 TRANSFER 411041792 0.0
NODE 8913 8927 COMPUTATION 134217728000 0.02
NODE 8914 8927 COMPUTATION 28139278976 0.17
NODE 8915 8927 COMPUTATION 782757789696 0.02
NODE 8916 8927 COMPUTATION 42108880146 0.20
NODE 8917 8927 COMPUTATION 238346779564 0.18
NODE 8918 8927 COMPUTATION 10504403663 0.03
NODE 8919 8927 COMPUTATION 368293445632 0.04
NODE 8920 8927 COMPUTATION 16014090923 0.20
NODE 8921 8927 COMPUTATION 157328807016 0.00
NODE 8922 8927 COMPUTATION 450905483978 0.06
NODE 8923 8927 COMPUTATION 1093886479128 0.19
NODE 8924 8927 COMPUTATION 367814886084 0.11
NODE 8925 8927 COMPUTATION 231928233984 0.17
NODE 8926 8927 COMPUTATION 305410801031 0.10
NODE 8927 - END 0.0 0.0
