NODE 7778 7980 TRANSFER 301989888 0.0
NODE 7779 7981 TRANSFER 301989888 0.0
NODE 7780 7984 TRANSFER 301989888 0.0
NODE 7781 7989 TRANSFER 301989888 0.0
NODE 7782 7990 TRANSFER 301989888 0.0
NODE 7783 7992 TRANSFER 301989888 0.0
NODE 7784 7993 TRANSFER 301989888 0.0
NODE 7785 7994 TRANSFER 301989888 0.0
NODE 7786 7996 TRANSFER 301989888 0.0
NODE 7787 8001 TRANSFER 301989888 0.0
NODE 7669 7788,7789,7790,7791,7792,7793,7794,7795,7796 COMPUTATION 7591923042 0.01
NODE 7788 7975 TRANSFER 536870912 0.0
NODE 7789 7976 TRANSFER 536870912 0.0
NODE 7790 7986 TRANSFER 536870912 0.0
NODE 7791 7987 TRANSFER 536870912 0.0
NODE 7792 7992 TRANSFER 536870912 0.0
NODE 7793 7994 TRANSFER 536870912 0.0
NODE 7794 7996 TRANSFER 536870912 0.0
NODE 7795 8001 TRANSFER 536870912 0.0
NODE 7796 8002 TRANSFER 536870912 0.0
NODE 7670 7797,7798,7799,7800,7801,7802,7803,7804,7805,7806 COMPUTATION 368293445632 0.01
NODE 7797 7975 TRANSFER 411041792 0.0
NODE 7798 7980 TRANSFER 411041792 0.0
NODE 7799 7985 TRANSFER 411041792 0.0
NODE 7800 7986 TRANSFER 411041792 0.0
NODE 7801 7987 TRANSFER 411041792 0.0
NODE 7802 7988 TRANSFER 411041792 0.0
NODE 7803 7990 TRANSFER 411041792 0.0
NODE 7804 7999 TRANSFER 411041792 0.0
NODE 7805 8000 TRANSFER 411041792 0.0
NODE 7806 8001 TRANSFER 411041792 0.0
NODE 7671 7807,7808,7809,7810,7811,7812,7813,7814,7815 COMPUTATION 68719476736 0.01
NODE 7807 7975 TRANSFER 134217728 0.0
NODE 7808 7976 TRANSFER 134217728 0.0
NODE 7809 7986 TRANSFER 134217728 0.0
NODE 7810 7986 TRANSFER 134217728 0.0
NODE 7811 7987 TRANSFER 134217728 0.0
NODE 7812 7989 TRANSFER 134217728 0.0
NODE 7813 7990 TRANSFER 134217728 0.0
NODE 7814 7999 TRANSFER 134217728 0.0
NODE 7815 8001 TRANSFER 134217728 0.0
NODE 7672 7816,7817,7818,7819,7820,7821,7822,7823 COMPUTATION 22947012680 0.11
NODE 7816 7971 TRANSFER 411041792 0.0
NODE 7817 7983 TRANSFER 411041792 0.0
NODE 7818 7985 TRANSFER 411041792 0.0
NODE 7819 7986 TRANSFER 411041792 0.0
NODE 7820 7989 TRANSFER 411041792 0.0
NODE 7821 7990 TRANSFER 411041792 0.0
NODE 7822 7998 TRANSFER 411041792 0.0
NODE 7823 8001 TRANSFER 411041792 0.0
NODE 7673 7824,7825,7826,7827,7828,7829,7830,7831,7832 COMPUTATION 368293445632 0.05
NODE 7824 7980 TRANSFER 411041792 0.0
NODE 7825 7981 TRANSFER 411041792 0.0
NODE 7826 7987 TRANSFER 411041792 0.0
NODE 7827 7989 TRANSFER 411041792 0.0
NODE 7828 7990 TRANSFER 411041792 0.0
NODE 7829 7993 TRANSFER 411041792 0.0
NODE 7830 7994 TRANSFER 411041792 0.0
NODE 7831 7996 TRANSFER 411041792 0.0
NODE 7832 7999 TRANSFER 411041792 0.0
NODE 7674 7833,7834,7835,7836,7837,7838,7839,7840,7841 COMPUTATION 17409196900 0.18
NODE 7833 7976 TRANSFER 536870912 0.0
NODE 7834 7977 TRANSFER 536870912 0.0
NODE 7835 7978 TRANSFER 536870912 0.0
NODE 7836 7990 TRANSFER 536870912 0.0
NODE 7837 7990 TRANSFER 536870912 0.0
NODE 7838 7995 TRANSFER 536870912 0.0
NODE 7839 7996 TRANSFER 536870912 0.0
NODE 7840 7999 TRANSFER 536870912 0.0
NODE 7841 8001 TRANSFER 536870912 0.0
NODE 7675 7842,7843,7844,7845,7846,7847,7848,7849 COMPUTATION 68719476736 0.16
NODE 7842 7974 TRANSFER 134217728 0.0
NODE 7843 7982 TRANSFER 134217728 0.0
NODE 7844 7983 TRANSFER 134217728 0.0
NODE 7845 7990 TRANSFER 134217728 0.0
NODE 7846 7992 TRANSFER 134217728 0.0
NODE 7847 7994 TRANSFER 134217728 0.0
NODE 7848 8000 TRANSFER 134217728 0.0
NODE 7849 8001 TRANSFER 134217728 0.0
NODE 7676 7850,7851,7852,7853,7854,7855,7856,7857,7858,7859,7860,7861,7862 COMPUTATION 782757789696 0.12
NODE 7850 7971 TRANSFER 679477248 0.0
NODE 7851 7972 TRANSFER 679477248 0.0
NODE 7852 7974 TRANSFER 679477248 0.0
NODE 7853 7977 TRANSFER 679477248 0.0
NODE 7854 7982 TRANSFER 679477248 0.0
NODE 7855 7986 TRANSFER 679477248 0.0
NODE 7856 7987 TRANSFER 679477248 0.0
NODE 7857 7989 TRANSFER 679477248 0.0
NODE 7858 7990 TRANSFER 679477248 0.0
NODE 7859 7992 TRANSFER 679477248 0.0
NODE 7860 7994 TRANSFER 679477248 0.0
NODE 7861 7996 TRANSFER 679477248 0.0
NODE 7862 8001 TRANSFER 679477248 0.0
NODE 7677 7863,7864,7865,7866,7867,7868,7869 COMPUTATION 603060529723 0.09
NODE 7863 7973 TRANSFER 679477248 0.0
NODE 7864 7977 TRANSFER 679477248 0.0
NODE 7865 7981 TRANSFER 679477248 0.0
NODE 7866 7992 TRANSFER 679477248 0.0
NODE 7867 7995 TRANSFER 679477248 0.0
NODE 7868 7996 TRANSFER 679477248 0.0
NODE 7869 8000 TRANSFER 679477248 0.0
NODE 7678 7870,7871,7872,7873,7874,7875,7876,7877,7878,7879 COMPUTATION 8589934592 0.07
NODE 7870 7975 TRANSFER 33554432 0.0
NODE 7871 7977 TRANSFER 33554432 0.0
NODE 7872 7980 TRANSFER 33554432 0.0
NODE 7873 7983 TRANSFER 33554432 0.0
NODE 7874 7987 TRANSFER 33554432 0.0
NODE 7875 7990 TRANSFER 33554432 0.0
NODE 7876 7994 TRANSFER 33554432 0.0
NODE 7877 7996 TRANSFER 33554432 0.0
NODE 7878 7997 TRANSFER 33554432 0.0
NODE 7879 7999 TRANSFER 33554432 0.0
NODE 7679 7880,7881,7882,7883,7884,7885,7886,7887,7888,7889,7890 COMPUTATION 26396811942 0.07
NODE 7880 7976 TRANSFER 679477248 0.0
NODE 7881 7977 TRANSFER 679477248 0.0
NODE 7882 7979 TRANSFER 679477248 0.0
NODE 7883 7982 TRANSFER 679477248 0.0
NODE 7884 7983 TRANSFER 679477248 0.0
NODE 7885 7986 TRANSFER 679477248 0.0
NODE 7886 7987 TRANSFER 679477248 0.0
NODE 7887 7994 TRANSFER 679477248 0.0
NODE 7888 7995 TRANSFER 679477248 0.0
NODE 7889 7996 TRANSFER 679477248 0.0
NODE 7890 7998 TRANSFER 679477248 0.0
NODE 7680 7891,7892,7893,7894,7895,7896 COMPUTATION 128672050054 0.01
NODE 7891 7975 TRANSFER 209715200 0.0
NODE 7892 7982 TRANSFER 209715200 0.0
NODE 7893 7983 TRANSFER 209715200 0.0
NODE 7894 7984 TRANSFER 209715200 0.0
NODE 7895 7994 TRANSFER 209715200 0.0
NODE 7896 7996 TRANSFER 209715200 0.0
NODE 7681 7897,7898,7899,7900,7901,7902 COMPUTATION 621531941 0.14
NODE 7897 7973 TRANSFER 33554432 0.0
NODE 7898 7975 TRANSFER 33554432 0.0
NODE 7899 7986 TRANSFER 33554432 0.0
NODE 7900 7988 TRANSFER 33554432 0.0
NODE 7901 7994 TRANSFER 33554432 0.0
NODE 7902 8000 TRANSFER 33554432 0.0
NODE 7682 7903,7904,7905,7906,7907,7908,7909,7910 COMPUTATION 25123154174 0.17
NODE 7903 7973 TRANSFER 411041792 0.0
NODE 7904 7974 TRANSFER 411041792 0.0
NODE 7905 7980 TRANSFER 411041792 0.0
NODE 7906 7981 TRANSFER 411041792 0.0
NODE 7907 7983 TRANSFER 411041792 0.0
NODE 7908 7997 TRANSFER 411041792 0.0
NODE 7909 7998 TRANSFER 411041792 0.0
NODE 7910 7999 TRANSFER 411041792 0.0
NODE 7683 7911,7912,7913,7914,7915,7916,7917,7918,7919 COMPUTATION 542293376333 0.09
NODE 7911 7973 TRANSFER 411041792 0.0
NODE 7912 7974 TRANSFER 411041792 0.0
NODE 7913 7977 TRANSFER 411041792 0.0
NODE 7914 7978 TRANSFER 411041792 0.0
NODE 7915 7980 TRANSFER 411041792 0.0
NODE 7916 7982 TRANSFER 411041792 0.0
NODE 7917 7986 TRANSFER 411041792 0.0
NODE 7918 7993 TRANSFER 411041792 0.0
NODE 7919 7998 TRANSFER 411041792 0.0
NODE 7684 7920,7921,7922,7923,7924,7925 COMPUTATION 6682386653 0.07
NODE 7920 7973 TRANSFER 301989888 0.0
NODE 7921 7978 TRANSFER 301989888 0.0
NODE 7922 7982 TRANSFER 301989888 0.0
NODE 7923 7994 TRANSFER 301989888 0.0
NODE 7924 7996 TRANSFER 301989888 0.0
NODE 7925 7999 TRANSFER 301989888 0.0
NODE 7685 7926,7927,7928,7929,7930,7931 COMPUTATION 683816933904 0.16
NODE 7926 7973 TRANSFER 536870912 0.0
NODE 7927 7974 TRANSFER 536870912 0.0
NODE 7928 7989 TRANSFER 536870912 0.0
NODE 7929 7991 TRANSFER 536870912 0.0
NODE 7930 7996 TRANSFER 536870912 0.0
NODE 7931 7998 TRANSFER 536870912 0.0
NODE 7686 7932,7933,7934,7935,7936,7937,7938,7939,7940,7941,7942,7943,7944 COMPUTATION 68719476736 0.00
NODE 7932 7973 TRANSFER 134217728 0.0
NODE 7933 7974 TRANSFER 134217728 0.0
NODE 7934 7977 TRANSFER 134217728 0.0
NODE 7935 7978 TRANSFER 134217728 0.0
NODE 7936 7981 TRANSFER 134217728 0.0
NODE 7937 7983 TRANSFER 134217728 0.0
NODE 7938 7984 TRANSFER 134217728 0.0
NODE 7939 7988 TRANSFER 134217728 0.0
NODE 7940 7989 TRANSFER 134217728 0.0
NODE 7941 7990 TRANSFER 134217728 0.0
NODE 7942 7994 TRANSFER 134217728 0.0
NODE 7943 7996 TRANSFER 134217728 0.0
NODE 7944 7997 TRANSFER 134217728 0.0
NODE 7687 7945,7946,7947,7948,7949,7950,7951,7952,7953,7954,7955,7956,7957 COMPUTATION 782757789696 0.04
NODE 7945 7973 TRANSFER 679477248 0.0
NODE 7946 7974 TRANSFER 679477248 0.0
NODE 7947 7977 TRANSFER 679477248 0.0
NODE 7948 7978 TRANSFER 679477248 0.0
NODE 7949 7981 TRANSFER 679477248 0.0
NODE 7950 7983 TRANSFER 679477248 0.0
NODE 7951 7986 TRANSFER 679477248 0.0
NODE 7952 7987 TRANSFER 679477248 0.0
NODE 7953 7989 TRANSFER 679477248 0.0
NODE 7954 7993 TRANSFER 679477248 0.0
NODE 7955 7996 TRANSFER 679477248 0.0
NODE 7956 7996 TRANSFER 679477248 0.0
NODE 7957 7999 TRANSFER 679477248 0.0
NODE 7688 7958,7959,7960,7961,7962,7963,7964,7965,7966,7967,7968,7969 COMPUTATION 437162029044 0.16
NODE 7958 7973 TRANSFER 679477248 0.0
NODE 7959 7975 TRANSFER 679477248 0.0
NODE 7960 7979 TRANSFER 679477248 0.0
NODE 7961 7981 TRANSFER 679477248 0.0
NODE 7962 7984 TRANSFER 679477248 0.0
NODE 7963 7987 TRANSFER 679477248 0.0
NODE 7964 7989 TRANSFER 679477248 0.0
NODE 7965 7994 TRANSFER 679477248 0.0
NODE 7966 7995 TRANSFER 679477248 0.0
NODE 7967 7997 TRANSFER 679477248 0.0
NODE 7968 8000 TRANSFER 679477248 0.0
NODE 7969 8001 TRANSFER 679477248 0.0
NODE 7970 8003,8004,8005,8006,8007,8008,8009 COMPUTATION 231928233984 0.02
NODE 8003 8285 TRANSFER 301989888 0.0
NODE 8004 8293 TRANSFER 301989888 0.0
NODE 8005 8300 TRANSFER 301989888 0.0
NODE 8006 8301 TRANSFER 301989888 0.0
NODE 8007 8303 TRANSFER 301989888 0.0
NODE 8008 8305 TRANSFER 301989888 0.0
NODE 8009 8311 TRANSFER 301989888 0.0
NODE 7971 8010,8011,8012,8013,8014,8015,8016 COMPUTATION 3029541546 0.01
NODE 8010 8284 TRANSFER 209715200 0.0
NODE 8011 8293 TRANSFER 209715200 0.0
NODE 8012 8296 TRANSFER 209715200 0.0
NODE 8013 8299 TRANSFER 209715200 0.0
NODE 8014 8301 TRANSFER 209715200 0.0
NODE 8015 8305 TRANSFER 209715200 0.0
NODE 8016 8309 TRANSFER 209715200 0.0
NODE 7972 8017,8018,8019,8020,8021,8022,8023,8024 COMPUTATION 35544271312 0.08
NODE 8017 8284 TRANSFER 838860800 0.0
NODE 8018 8293 TRANSFER 838860800 0.0
NODE 8019 8294 TRANSFER 838860800 0.0
NODE 8020 8296 TRANSFER 838860800 0.0
NODE 8021 8298 TRANSFER 838860800 0.0
NODE 8022 8301 TRANSFER 838860800 0.0
NODE 8023 8303 TRANSFER 838860800 0.0
NODE 8024 8304 TRANSFER 838860800 0.0
NODE 7973 8025,8026,8027,8028,8029,8030,8031,8032,8033,8034 COMPUTATION 702762386290 0.12
NODE 8025 8284 TRANSFER 679477248 0.0
NODE 8026 8285 TRANSFER 679477248 0.0
NODE 8027 8286 TRANSFER 679477248 0.0
NODE 8028 8289 TRANSFER 679477248 0.0
NODE 8029 8293 TRANSFER 679477248 0.0
NODE 8030 8301 TRANSFER 679477248 0.0
NODE 8031 8304 TRANSFER 679477248 0.0
NODE 8032 8305 TRANSFER 679477248 0.0
NODE 8033 8306 TRANSFER 679477248 0.0
NODE 8034 8314 TRANSFER 679477248 0.0
NODE 7974 8035,8036,8037,8038,8039,8040,8041,8042,8043,8044 COMPUTATION 68719476736 0.11
NODE 8035 8284 TRANSFER 134217728 0.0
NODE 8036 8293 TRANSFER 134217728 0.0
NODE 8037 8296 TRANSFER 134217728 0.0
NODE 8038 8301 TRANSFER 134217728 0.0
NODE 8039 8302 TRANSFER 134217728 0.0
NODE 8040 8304 TRANSFER 134217728 0.0
NODE 8041 8307 TRANSFER 134217728 0.0
NODE 8042 8308 TRANSFER 134217728 0.0
NODE 8043 8311 TRANSFER 134217728 0.0
NODE 8044 8312 TRANSFER 134217728 0.0
NODE 7975 8045,8046,8047,8048,8049,8050,8051 COMPUTATION 549755813888 0.11
NODE 8045 8289 TRANSFER 536870912 0.0
NODE 8046 8293 TRANSFER 536870912 0.0
NODE 8047 8301 TRANSFER 536870912 0.0
NODE 8048 8301 TRANSFER 536870912 0.0
NODE 8049 8305 TRANSFER 536870912 0.0
NODE 8050 8306 TRANSFER 536870912 0.0
NODE 8051 8308 TRANSFER 536870912 0.0
NODE 7976 8052,8053,8054,8055,8056,8057,8058,8059,8060 COMPUTATION 51426022228 0.16
NODE 8052 8285 TRANSFER 838860800 0.0
NODE 8053 8288 TRANSFER 838860800 0.0
NODE 8054 8289 TRANSFER 838860800 0.0
NODE 8055 8293 TRANSFER 838860800 0.0
NODE 8056 8298 TRANSFER 838860800 0.0
NODE 8057 8301 TRANSFER 838860800 0.0
NODE 8058 8307 TRANSFER 838860800 0.0
NODE 8059 8308 TRANSFER 838860800 0.0
NODE 8060 8311 TRANSFER 838860800 0.0
NODE 7977 8061,8062,8063,8064,8065,8066,8067,8068,8069 COMPUTATION 68719476736 0.15
NODE 8061 8284 TRANSFER 134217728 0.0
NODE 8062 8289 TRANSFER 134217728 0.0
NODE 8063 8296 TRANSFER 134217728 0.0
NODE 8064 8300 TRANSFER 134217728 0.0
NODE 8065 8301 TRANSFER 134217728 0.0
NODE 8066 8303 TRANSFER 134217728 0.0
NODE 8067 8304 TRANSFER 134217728 0.0
NODE 8068 8305 TRANSFER 134217728 0.0
NODE 8069 8308 TRANSFER 134217728 0.0
NODE 7978 8070,8071,8072,8073,8074,8075,8076 COMPUTATION 231928233984 0.18
NODE 8070 8284 TRANSFER 301989888 0.0
NODE 8071 8295 TRANSFER 301989888 0.0
NODE 8072 8296 TRANSFER 301989888 0.0
NODE 8073 8306 TRANSFER 301989888 0.0
NODE 8074 8308 TRANSFER 301989888 0.0
NODE 8075 8309 TRANSFER 301989888 0.0
NODE 8076 8312 TRANSFER 301989888 0.0
NODE 7979 8077,8078,8079,8080 COMPUTATION 170443019652 0.03
NODE 8077 8285 TRANSFER 134217728 0.0
NODE 8078 8301 TRANSFER 134217728 0.0
NODE 8079 8304 TRANSFER 134217728 0.0
NODE 8080 8306 TRANSFER 134217728 0.0
NODE 7980 8081,8082,8083,8084 COMPUTATION 134217728000 0.06
NODE 8081 8285 TRANSFER 209715200 0.0
NODE 8082 8300 TRANSFER 209715200 0.0
NODE 8083 8307 TRANSFER 209715200 0.0
NODE 8084 8308 TRANSFER 209715200 0.0
NODE 7981 8085,8086,8087,8088,8089,8090 COMPUTATION 8589934592 0.06
NODE 8085 8289 TRANSFER 33554432 0.0
NODE 8086 8292 TRANSFER 33554432 0.0
NODE 8087 8303 TRANSFER 33554432 0.0
NODE 8088 8307 TRANSFER 33554432 0.0
NODE 8089 8309 TRANSFER 33554432 0.0
NODE 8090 8311 TRANSFER 33554432 0.0
NODE 7982 8091,8092,8093,8094,8095,8096,8097,8098 COMPUTATION 357643341141 0.11
NODE 8091 8283 TRANSFER 679477248 0.0
NODE 8092 8284 TRANSFER 679477248 0.0
NODE 8093 8295 TRANSFER 679477248 0.0
NODE 8094 8296 TRANSFER 679477248 0.0
NODE 8095 8301 TRANSFER 679477248 0.0
NODE 8096 8304 TRANSFER 679477248 0.0
NODE 8097 8307 TRANSFER 679477248 0.0
NODE 8098 8314 TRANSFER 679477248 0.0
NODE 7983 8099,8100,8101,8102,8103,8104,8105,8106,8107,8108 COMPUTATION 424573815588 0.14
NODE 8099 8283 TRANSFER 536870912 0.0
NODE 8100 8284 TRANSFER 536870912 0.0
NODE 8101 8289 TRANSFER 536870912 0.0
NODE 8102 8291 TRANSFER 536870912 0.0
NODE 8103 8292 TRANSFER 536870912 0.0
NODE 8104 8300 TRANSFER 536870912 0.0
NODE 8105 8303 TRANSFER 536870912 0.0
NODE 8106 8304 TRANSFER 536870912 0.0
NODE 8107 8307 TRANSFER 536870912 0.0
NODE 8108 8309 TRANSFER 536870912 0.0
NODE 7984 8109,8110,8111,8112,8113,8114,8115 COMPUTATION 296785537432 0.12
NODE 8109 8290 TRANSFER 209715200 0.0
NODE 8110 8295 TRANSFER 209715200 0.0
NODE 8111 8300 TRANSFER 209715200 0.0
NODE 8112 8304 TRANSFER 209715200 0.0
NODE 8113 8309 TRANSFER 209715200 0.0
NODE 8114 8312 TRANSFER 209715200 0.0
NODE 8115 8314 TRANSFER 209715200 0.0
NODE 7985 8116,8117,8118,8119,8120,8121,8122,8123,8124,8125 COMPUTATION 10377165239 0.07
NODE 8116 8285 TRANSFER 679477248 0.0
NODE 8117 8288 TRANSFER 679477248 0.0
NODE 8118 8293 TRANSFER 679477248 0.0
NODE 8119 8294 TRANSFER 679477248 0.0
NODE 8120 8296 TRANSFER 679477248 0.0
NODE 8121 8300 TRANSFER 679477248 0.0
NODE 8122 8303 TRANSFER 679477248 0.0
NODE 8123 8304 TRANSFER 679477248 0.0
NODE 8124 8309 TRANSFER 679477248 0.0
NODE 8125 8311 TRANSFER 679477248 0.0
NODE 7986 8126,8127,8128,8129,8130,8131,8132,8133 COMPUTATION 2242926071 0.11
NODE 8126 8285 TRANSFER 134217728 0.0
NODE 8127 8288 TRANSFER 134217728 0.0
NODE 8128 8289 TRANSFER 134217728 0.0
NODE 8129 8296 TRANSFER 134217728 0.0
NODE 8130 8304 TRANSFER 134217728 0.0
NODE 8131 8309 TRANSFER 134217728 0.0
NODE 8132 8312 TRANSFER 134217728 0.0
NODE 8133 8314 TRANSFER 134217728 0.0
NODE 7987 8134,8135,8136,8137,8138,8139,8140,8141,8142 COMPUTATION 18079524319 0.07
NODE 8134 8285 TRANSFER 838860800 0.0
NODE 8135 8288 TRANSFER 838860800 0.0
NODE 8136 8290 TRANSFER 838860800 0.0
NODE 8137 8291 TRANSFER 838860800 0.0
NODE 8138 8300 TRANSFER 838860800 0.0
NODE 8139 8303 TRANSFER 838860800 0.0
NODE 8140 8304 TRANSFER 838860800 0.0
NODE 8141 8311 TRANSFER 838860800 0.0
NODE 8142 8314 TRANSFER 838860800 0.0
NODE 7988 8143,8144,8145,8146,8147,8148,8149,8150 COMPUTATION 293547317804 0.14
NODE 8143 8288 TRANSFER 536870912 0.0
NODE 8144 8292 TRANSFER 536870912 0.0
NODE 8145 8300 TRANSFER 536870912 0.0
NODE 8146 8301 TRANSFER 536870912 0.0
NODE 8147 8303 TRANSFER 536870912 0.0
NODE 8148 8304 TRANSFER 536870912 0.0
NODE 8149 8309 TRANSFER 536870912 0.0
NODE 8150 8311 TRANSFER 536870912 0.0
NODE 7989 8151,8152,8153,8154,8155,8156,8157,8158,8159,8160 COMPUTATION 11113350934 0.07
NODE 8151 8284 TRANSFER 301989888 0.0
NODE 8152 8288 TRANSFER 301989888 0.0
NODE 8153 8296 TRANSFER 301989888 0.0
NODE 8154 8298 TRANSFER 301989888 0.0
NODE 8155 8301 TRANSFER 301989888 0.0
NODE 8156 8303 TRANSFER 301989888 0.0
NODE 8157 8304 TRANSFER 301989888 0.0
NODE 8158 8307 TRANSFER 301989888 0.0
NODE 8159 8309 TRANSFER 301989888 0.0
NODE 8160 8314 TRANSFER 301989888 0.0
NODE 7990 8161,8162,8163,8164,8165,8166,8167,8168,8169 COMPUTATION 30516383748 0.09
NODE 8161 8284 TRANSFER 536870912 0.0
NODE 8162 8285 TRANSFER 536870912 0.0
NODE 8163 8287 TRANSFER 536870912 0.0
NODE 8164 8288 TRANSFER 536870912 0.0
NODE 8165 8296 TRANSFER 536870912 0.0
NODE 8166 8298 TRANSFER 536870912 0.0
NODE 8167 8299 TRANSFER 536870912 0.0
NODE 8168 8303 TRANSFER 536870912 0.0
NODE 8169 8312 TRANSFER 536870912 0.0
NODE 7991 8170,8171,8172,8173,8174,8175,8176,8177 COMPUTATION 68719476736 0.12
NODE 8170 8288 TRANSFER 134217728 0.0
NODE 8171 8295 TRANSFER 134217728 0.0
NODE 8172 8298 TRANSFER 134217728 0.0
NODE 8173 8303 TRANSFER 134217728 0.0
NODE 8174 8307 TRANSFER 134217728 0.0
NODE 8175 8309 TRANSFER 134217728 0.0
NODE 8176 8310 TRANSFER 134217728 0.0
NODE 8177 8311 TRANSFER 134217728 0.0
NODE 7992 8178,8179,8180,8181,8182,8183,8184,8185 COMPUTATION 960343903211 0.16
NODE 8178 8283 TRANSFER 838860800 0.0
NODE 8179 8287 TRANSFER 838860800 0.0
NODE 8180 8290 TRANSFER 838860800 0.0
NODE 8181 8298 TRANSFER 838860800 0.0
NODE 8182 8300 TRANSFER 838860800 0.0
NODE 8183 8302 TRANSFER 838860800 0.0
NODE 8184 8303 TRANSFER 838860800 0.0
NODE 8185 8307 TRANSFER 838860800 0.0
NODE 7993 8186,8187,8188,8189,8190,8191,8192,8193,8194,8195,8196 COMPUTATION 538280088632 0.01
NODE 8186 8283 TRANSFER 536870912 0.0
NODE 8187 8285 TRANSFER 536870912 0.0
NODE 8188 8296 TRANSFER 536870912 0.0
NODE 8189 8297 TRANSFER 536870912 0.0
NODE 8190 8298 TRANSFER 536870912 0.0
NODE 8191 8300 TRANSFER 536870912 0.0
NODE 8192 8303 TRANSFER 536870912 0.0
NODE 8193 8307 TRANSFER 536870912 0.0
NODE 8194 8308 TRANSFER 536870912 0.0
NODE 8195 8309 TRANSFER 536870912 0.0
NODE 8196 8312 TRANSFER 536870912 0.0
NODE 7994 8197,8198,8199,8200,8201,8202 COMPUTATION 433704292944 0.13
NODE 8197 8288 TRANSFER 536870912 0.0
NODE 8198 8293 TRANSFER 536870912 0.0
NODE 8199 8298 TRANSFER 536870912 0.0
NODE 8200 8300 TRANSFER 536870912 0.0
NODE 8201 8307 TRANSFER 536870912 0.0
NODE 8202 8311 TRANSFER 536870912 0.0
NODE 7995 8203,8204,8205,8206,8207,8208,8209,8210,8211,8212,8213 COMPUTATION 368293445632 0.07
NODE 8203 8284 TRANSFER 411041792 0.0
NODE 8204 8285 TRANSFER 411041792 0.0
NODE 8205 8288 TRANSFER 411041792 0.0
NODE 8206 8291 TRANSFER 411041792 0.0
NODE 8207 8298 TRANSFER 411041792 0.0
NODE 8208 8305 TRANSFER 411041792 0.0
NODE 8209 8306 TRANSFER 411041792 0.0
NODE 8210 8307 TRANSFER 411041792 0.0
NODE 8211 8308 TRANSFER 411041792 0.0
NODE 8212 8309 TRANSFER 411041792 0.0
NODE 8213 8311 TRANSFER 411041792 0.0
NODE 7996 8214,8215,8216,8217,8218,8219,8220,8221,8222,8223,8224 COMPUTATION 231928233984 0.00
NODE 8214 8287 TRANSFER 301989888 0.0
NODE 8215 8288 TRANSFER 301989888 0.0
NODE 8216 8293 TRANSFER 301989888 0.0
NODE 8217 8299 TRANSFER 301989888 0.0
NODE 8218 8300 TRANSFER 301989888 0.0
NODE 8219 8305 TRANSFER 301989888 0.0
NODE 8220 8307 TRANSFER 301989888 0.0
NODE 8221 8307 TRANSFER 301989888 0.0
NODE 8222 8311 TRANSFER 301989888 0.0
NODE 8223 8312 TRANSFER 301989888 0.0
NODE 8224 8313 TRANSFER 301989888 0.0
NODE 7997 8225,8226,8227,8228,8229,8230,8231,8232,8233,8234,8235 COMPUTATION 24351044720 0.19
NODE 8225 8286 TRANSFER 75497472 0.0
NODE 8226 8288 TRANSFER 75497472 0.0
NODE 8227 8292 TRANSFER 75497472 0.0
NODE 8228 8296 TRANSFER 75497472 0.0
NODE 8229 8298 TRANSFER 75497472 0.0
NODE 8230 8300 TRANSFER 75497472 0.0
NODE 8231 8301 TRANSFER 75497472 0.0
NODE 8232 8303 TRANSFER 75497472 0.0
NODE 8233 8304 TRANSFER 75497472 0.0
NODE 8234 8307 TRANSFER 75497472 0.0
NODE 8235 8309 TRANSFER 75497472 0.0
NODE 7998 8236,8237,8238,8239,8240,8241,8242,8243,8244,8245,8246,8247 COMPUTATION 1073741824000 0.05
NODE 8236 8284 TRANSFER 838860800 0.0
NODE 8237 8285 TRANSFER 838860800 0.0
NODE 8238 8287 TRANSFER 838860800 0.0
NODE 8239 8288 TRANSFER 838860800 0.0
NODE 8240 8296 TRANSFER 838860800 0.0
NODE 8241 8297 TRANSFER 838860800 0.0
NODE 8242 8300 TRANSFER 838860800 0.0
NODE 8243 8301 TRANSFER 838860800 0.0
NODE 8244 8309 TRANSFER 838860800 0.0
NODE 8245 8311 TRANSFER 838860800 0.0
NODE 8246 8312 TRANSFER 838860800 0.0
NODE 8247 8314 TRANSFER 838860800 0.0
NODE 7999 8248,8249,8250,8251,8252,8253,8254 COMPUTATION 111710953392 0.03
NODE 8248 8283 TRANSFER 134217728 0.0
NODE 8249 8285 TRANSFER 134217728 0.0
NODE 8250 8286 TRANSFER 134217728 0.0
NODE 8251 8287 TRANSFER 134217728 0.0
NODE 8252 8309 TRANSFER 134217728 0.0
NODE 8253 8311 TRANSFER 134217728 0.0
NODE 8254 8314 TRANSFER 134217728 0.0
NODE 8000 8255,8256,8257,8258,8259,8260,8261 COMPUTATION 9913447222 0.17
NODE 8255 8285 TRANSFER 33554432 0.0
NODE 8256 8286 TRANSFER 33554432 0.0
NODE 8257 8296 TRANSFER 33554432 0.0
NODE 8258 8303 TRANSFER 33554432 0.0
NODE 8259 8306 TRANSFER 33554432 0.0
NODE 8260 8312 TRANSFER 33554432 0.0
NODE 8261 8314 TRANSFER 33554432 0.0
NODE 8001 8262,8263,8264,8265,8266,8267,8268,8269 COMPUTATION 368293445632 0.07
NODE 8262 8284 TRANSFER 411041792 0.0
NODE 8263 8287 TRANSFER 411041792 0.0
NODE 8264 8290 TRANSFER 411041792 0.0
NODE 8265 8300 TRANSFER 411041792 0.0
NODE 8266 8309 TRANSFER 411041792 0.0
NODE 8267 8311 TRANSFER 411041792 0.0
NODE 8268 8312 TRANSFER 411041792 0.0
NODE 8269 8314 TRANSFER 411041792 0.0
NODE 8002 8270,8271,8272,8273,8274,8275,8276,8277,8278,8279,8280,8281,8282 COMPUTATION 249785980733 0.03
NODE 8270 8284 TRANSFER 301989888 0.0
NODE 8271 8287 TRANSFER 301989888 0.0
NODE 8272 8292 TRANSFER 301989888 0.0
NODE 8273 8293 TRANSFER 301989888 0.0
NODE 8274 8294 TRANSFER 301989888 0.0
NODE 8275 8298 TRANSFER 301989888 0.0
NODE 8276 8300 TRANSFER 301989888 0.0
NODE 8277 8303 TRANSFER 301989888 0.0
NODE 8278 8307 TRANSFER 301989888 0.0
NODE 8279 8309 TRANSFER 301989888 0.0
NODE 8280 8311 TRANSFER 301989888 0.0
NODE 8281 8312 TRANSFER 301989888 0.0
NODE 8282 8314 TRANSFER 301989888 0.0
NODE 8283 8315,8316,8317,8318,8319,8320 COMPUTATION 549755813888 0.03
NODE 8315 8594 TRANSFER 536870912 0.0
NODE 8316 8602 TRANSFER 536870912 0.0
NODE 8317 8609 TRANSFER 536870912 0.0
NODE 8318 8610 TRANSFER 536870912 0.0
NODE 8319 8612 TRANSFER 536870912 0.0
NODE 8320 8614 TRANSFER 536870912 0.0
NODE 8284 8321,8322,8323,8324,8325,8326,8327,8328,8329,8330,8331,8332,8333,8334,8335,8336,8337 COMPUTATION 549755813888 0.18
NODE 8321 8591 TRANSFER 536870912 0.0
NODE 8322 8592 TRANSFER 536870912 0.0
NODE 8323 8594 TRANSFER 536870912 0.0
NODE 8324 8596 TRANSFER 536870912 0.0
NODE 8325 8597 TRANSFER 536870912 0.0
NODE 8326 8600 TRANSFER 536870912 0.0
NODE 8327 8603 TRANSFER 536870912 0.0
NODE 8328 8604 TRANSFER 536870912 0.0
NODE 8329 8607 TRANSFER 536870912 0.0
NODE 8330 8608 TRANSFER 536870912 0.0
NODE 8331 8609 TRANSFER 536870912 0.0
NODE 8332 8610 TRANSFER 536870912 0.0
NODE 8333 8611 TRANSFER 536870912 0.0
NODE 8334 8613 TRANSFER 536870912 0.0
NODE 8335 8614 TRANSFER 536870912 0.0
NODE 8336 8618 TRANSFER 536870912 0.0
NODE 8337 8619 TRANSFER 536870912 0.0
NODE 8285 8338,8339,8340,8341,8342,8343,8344,8345,8346,8347,8348,8349,8350 COMPUTATION 501745968100 0.13
NODE 8338 8591 TRANSFER 536870912 0.0
NODE 8339 8594 TRANSFER 536870912 0.0
NODE 8340 8596 TRANSFER 536870912 0.0
NODE 8341 8597 TRANSFER 536870912 0.0
NODE 8342 8598 TRANSFER 536870912 0.0
NODE 8343 8599 TRANSFER 536870912 0.0
NODE 8344 8600 TRANSFER 536870912 0.0
NODE 8345 8604 TRANSFER 536870912 0.0
NODE 8346 8608 TRANSFER 536870912 0.0
NODE 8347 8610 TRANSFER 536870912 0.0
NODE 8348 8614 TRANSFER 536870912 0.0
NODE 8349 8618 TRANSFER 536870912 0.0
NODE 8350 8621 TRANSFER 536870912 0.0
NODE 8286 8351,8352,8353,8354,8355,8356,8357,8358,8359 COMPUTATION 549755813888 0.20
NODE 8351 8591 TRANSFER 536870912 0.0
NODE 8352 8594 TRANSFER 536870912 0.0
NODE 8353 8595 TRANSFER 536870912 0.0
NODE 8354 8600 TRANSFER 536870912 0.0
NODE 8355 8606 TRANSFER 536870912 0.0
NODE 8356 8612 TRANSFER 536870912 0.0
NODE 8357 8613 TRANSFER 536870912 0.0
NODE 8358 8618 TRANSFER 536870912 0.0
NODE 8359 8619 TRANSFER 536870912 0.0
NODE 8287 8360,8361,8362,8363,8364 COMPUTATION 719852625596 0.16
NODE 8360 8600 TRANSFER 536870912 0.0
NODE 8361 8607 TRANSFER 536870912 0.0
NODE 8362 8613 TRANSFER 536870912 0.0
NODE 8363 8618 TRANSFER 536870912 0.0
NODE 8364 8620 TRANSFER 536870912 0.0
NODE 8288 8365,8366,8367,8368,8369,8370,8371,8372,8373,8374,8375,8376 COMPUTATION 782757789696 0.10
NODE 8365 8593 TRANSFER 679477248 0.0
NODE 8366 8594 TRANSFER 679477248 0.0
NODE 8367 8596 TRANSFER 679477248 0.0
NODE 8368 8602 TRANSFER 679477248 0.0
NODE 8369 8604 TRANSFER 679477248 0.0
NODE 8370 8605 TRANSFER 679477248 0.0
NODE 8371 8612 TRANSFER 679477248 0.0
NODE 8372 8613 TRANSFER 679477248 0.0
NODE 8373 8614 TRANSFER 679477248 0.0
NODE 8374 8618 TRANSFER 679477248 0.0
NODE 8375 8619 TRANSFER 679477248 0.0
NODE 8376 8621 TRANSFER 679477248 0.0
NODE 8289 8377,8378,8379,8380,8381,8382,8383,8384,8385,8386 COMPUTATION 28991029248 0.13
NODE 8377 8591 TRANSFER 75497472 0.0
NODE 8378 8593 TRANSFER 75497472 0.0
NODE 8379 8594 TRANSFER 75497472 0.0
NODE 8380 8602 TRANSFER 75497472 0.0
NODE 8381 8603 TRANSFER 75497472 0.0
NODE 8382 8604 TRANSFER 75497472 0.0
NODE 8383 8608 TRANSFER 75497472 0.0
NODE 8384 8610 TRANSFER 75497472 0.0
NODE 8385 8612 TRANSFER 75497472 0.0
NODE 8386 8614 TRANSFER 75497472 0.0
NODE 8290 8387,8388,8389,8390,8391,8392,8393,8394 COMPUTATION 1260998051865 0.13
NODE 8387 8591 TRANSFER 838860800 0.0
NODE 8388 8593 TRANSFER 838860800 0.0
NODE 8389 8594 TRANSFER 838860800 0.0
NODE 8390 8603 TRANSFER 838860800 0.0
NODE 8391 8605 TRANSFER 838860800 0.0
NODE 8392 8611 TRANSFER 838860800 0.0
NODE 8393 8612 TRANSFER 838860800 0.0
NODE 8394 8621 TRANSFER 838860800 0.0
NODE 8291 8395,8396,8397,8398,8399,8400,8401,8402 COMPUTATION 18726904684 0.12
NODE 8395 8594 TRANSFER 838860800 0.0
NODE 8396 8595 TRANSFER 838860800 0.0
NODE 8397 8601 TRANSFER 838860800 0.0
NODE 8398 8609 TRANSFER 838860800 0.0
NODE 8399 8610 TRANSFER 838860800 0.0
NODE 8400 8612 TRANSFER 838860800 0.0
NODE 8401 8617 TRANSFER 838860800 0.0
NODE 8402 8619 TRANSFER 838860800 0.0
NODE 8292 8403,8404,8405,8406,8407,8408,8409,8410 COMPUTATION 43162467757 0.10
NODE 8403 8594 TRANSFER 679477248 0.0
NODE 8404 8595 TRANSFER 679477248 0.0
NODE 8405 8596 TRANSFER 679477248 0.0
NODE 8406 8600 TRANSFER 679477248 0.0
NODE 8407 8611 TRANSFER 679477248 0.0
NODE 8408 8612 TRANSFER 679477248 0.0
NODE 8409 8616 TRANSFER 679477248 0.0
NODE 8410 8620 TRANSFER 679477248 0.0
NODE 8293 8411,8412,8413,8414,8415,8416,8417,8418 COMPUTATION 231928233984 0.04
NODE 8411 8594 TRANSFER 301989888 0.0
NODE 8412 8596 TRANSFER 301989888 0.0
NODE 8413 8604 TRANSFER 301989888 0.0
NODE 8414 8608 TRANSFER 301989888 0.0
NODE 8415 8611 TRANSFER 301989888 0.0
NODE 8416 8612 TRANSFER 301989888 0.0
NODE 8417 8613 TRANSFER 301989888 0.0
NODE 8418 8618 TRANSFER 301989888 0.0
NODE 8294 8419,8420,8421,8422,8423,8424 COMPUTATION 116956809351 0.06
NODE 8419 8604 TRANSFER 411041792 0.0
NODE 8420 8606 TRANSFER 411041792 0.0
NODE 8421 8612 TRANSFER 411041792 0.0
NODE 8422 8614 TRANSFER 411041792 0.0
NODE 8423 8619 TRANSFER 411041792 0.0
NODE 8424 8621 TRANSFER 411041792 0.0
NODE 8295 8425,8426,8427,8428,8429,8430,8431,8432,8433 COMPUTATION 482407592349 0.14
NODE 8425 8592 TRANSFER 679477248 0.0
NODE 8426 8594 TRANSFER 679477248 0.0
NODE 8427 8596 TRANSFER 679477248 0.0
NODE 8428 8597 TRANSFER 679477248 0.0
NODE 8429 8599 TRANSFER 679477248 0.0
NODE 8430 8600 TRANSFER 679477248 0.0
NODE 8431 8605 TRANSFER 679477248 0.0
NODE 8432 8619 TRANSFER 679477248 0.0
NODE 8433 8620 TRANSFER 679477248 0.0
NODE 8296 8434,8435,8436,8437,8438,8439,8440,8441,8442,8443 COMPUTATION 134217728000 0.11
NODE 8434 8591 TRANSFER 209715200 0.0
NODE 8435 8593 TRANSFER 209715200 0.0
NODE 8436 8594 TRANSFER 209715200 0.0
NODE 8437 8596 TRANSFER 209715200 0.0
NODE 8438 8600 TRANSFER 209715200 0.0
NODE 8439 8600 TRANSFER 209715200 0.0
NODE 8440 8603 TRANSFER 209715200 0.0
NODE 8441 8605 TRANSFER 209715200 0.0
NODE 8442 8611 TRANSFER 209715200 0.0
NODE 8443 8613 TRANSFER 209715200 0.0
NODE 8297 8444,8445,8446,8447,8448,8449,8450,8451 COMPUTATION 68719476736 0.05
NODE 8444 8600 TRANSFER 134217728 0.0
NODE 8445 8601 TRANSFER 134217728 0.0
NODE 8446 8610 TRANSFER 134217728 0.0
NODE 8447 8611 TRANSFER 134217728 0.0
NODE 8448 8612 TRANSFER 134217728 0.0
NODE 8449 8613 TRANSFER 134217728 0.0
NODE 8450 8614 TRANSFER 134217728 0.0
NODE 8451 8618 TRANSFER 134217728 0.0
NODE 8298 8452,8453,8454,8455,8456,8457,8458,8459,8460,8461 COMPUTATION 1363563044223 0.17
NODE 8452 8591 TRANSFER 838860800 0.0
NODE 8453 8604 TRANSFER 838860800 0.0
NODE 8454 8608 TRANSFER 838860800 0.0
NODE 8455 8609 TRANSFER 838860800 0.0
NODE 8456 8610 TRANSFER 838860800 0.0
NODE 8457 8612 TRANSFER 838860800 0.0
NODE 8458 8613 TRANSFER 838860800 0.0
NODE 8459 8614 TRANSFER 838860800 0.0
NODE 8460 8616 TRANSFER 838860800 0.0
NODE 8461 8618 TRANSFER 838860800 0.0
NODE 8299 8462,8463,8464,8465,8466,8467,8468,8469 COMPUTATION 3600835927 0.01
NODE 8462 8591 TRANSFER 75497472 0.0
NODE 8463 8592 TRANSFER 75497472 0.0
NODE 8464 8595 TRANSFER 75497472 0.0
NODE 8465 8597 TRANSFER 75497472 0.0
NODE 8466 8598 TRANSFER 75497472 0.0
NODE 8467 8604 TRANSFER 75497472 0.0
NODE 8468 8612 TRANSFER 75497472 0.0
NODE 8469 8614 TRANSFER 75497472 0.0
NODE 8300 8470,8471,8472,8473,8474,8475,8476,8477 COMPUTATION 128455240472 0.04
NODE 8470 8591 TRANSFER 536870912 0.0
NODE 8471 8592 TRANSFER 536870912 0.0
NODE 8472 8595 TRANSFER 536870912 0.0
NODE 8473 8603 TRANSFER 536870912 0.0
NODE 8474 8604 TRANSFER 536870912 0.0
NODE 8475 8605 TRANSFER 536870912 0.0
NODE 8476 8608 TRANSFER 536870912 0.0
NODE 8477 8614 TRANSFER 536870912 0.0
NODE 8301 8478,8479,8480,8481,8482 COMPUTATION 134217728000 0.01
NODE 8478 8592 TRANSFER 209715200 0.0
NODE 8479 8602 TRANSFER 209715200 0.0
NODE 8480 8608 TRANSFER 209715200 0.0
NODE 8481 8610 TRANSFER 209715200 0.0
NODE 8482 8615 TRANSFER 209715200 0.0
NODE 8302 8483,8484,8485,8486,8487,8488 COMPUTATION 549755813888 0.11
NODE 8483 8591 TRANSFER 536870912 0.0
NODE 8484 8602 TRANSFER 536870912 0.0
NODE 8485 8606 TRANSFER 536870912 0.0
NODE 8486 8608 TRANSFER 536870912 0.0
NODE 8487 8609 TRANSFER 536870912 0.0
NODE 8488 8621 TRANSFER 536870912 0.0
NODE 8303 8489,8490,8491,8492,8493,8494,8495,8496,8497,8498 COMPUTATION 703982769439 0.07
NODE 8489 8591 TRANSFER 838860800 0.0
NODE 8490 8594 TRANSFER 838860800 0.0
NODE 8491 8603 TRANSFER 838860800 0.0
NODE 8492 8604 TRANSFER 838860800 0.0
NODE 8493 8605 TRANSFER 838860800 0.0
NODE 8494 8609 TRANSFER 838860800 0.0
NODE 8495 8611 TRANSFER 838860800 0.0
NODE 8496 8618 TRANSFER 838860800 0.0
NODE 8497 8620 TRANSFER 838860800 0.0
NODE 8498 8621 TRANSFER 838860800 0.0
NODE 8304 8499,8500,8501,8502,8503,8504,8505,8506,8507 COMPUTATION 63292741963 0.08
NODE 8499 8591 TRANSFER 75497472 0.0
NODE 8500 8595 TRANSFER 75497472 0.0
NODE 8501 8598 TRANSFER 75497472 0.0
NODE 8502 8601 TRANSFER 75497472 0.0
NODE 8503 8604 TRANSFER 75497472 0.0
NODE 8504 8607 TRANSFER 75497472 0.0
NODE 8505 8609 TRANSFER 75497472 0.0
NODE 8506 8615 TRANSFER 75497472 0.0
NODE 8507 8616 TRANSFER 75497472 0.0
NODE 8305 8508,8509,8510,8511,8512,8513,8514,8515,8516,8517 COMPUTATION 368293445632 0.11
NODE 8508 8592 TRANSFER 411041792 0.0
NODE 8509 8593 TRANSFER 411041792 0.0
NODE 8510 8595 TRANSFER 411041792 0.0
NODE 8511 8601 TRANSFER 411041792 0.0
NODE 8512 8603 TRANSFER 411041792 0.0
NODE 8513 8610 TRANSFER 411041792 0.0
NODE 8514 8612 TRANSFER 411041792 0.0
NODE 8515 8613 TRANSFER 411041792 0.0
NODE 8516 8617 TRANSFER 411041792 0.0
NODE 8517 8620 TRANSFER 411041792 0.0
NODE 8306 8518,8519,8520,8521,8522,8523,8524 COMPUTATION 8589934592 0.05
NODE 8518 8591 TRANSFER 33554432 0.0
NODE 8519 8593 TRANSFER 33554432 0.0
NODE 8520 8603 TRANSFER 33554432 0.0
NODE 8521 8604 TRANSFER 33554432 0.0
NODE 8522 8610 TRANSFER 33554432 0.0
NODE 8523 8613 TRANSFER 33554432 0.0
NODE 8524 8614 TRANSFER 33554432 0.0
NODE 8307 8525,8526,8527,8528,8529,8530 COMPUTATION 7619984628 0.18
NODE 8525 8591 TRANSFER 134217728 0.0
NODE 8526 8592 TRANSFER 134217728 0.0
NODE 8527 8599 TRANSFER 134217728 0.0
NODE 8528 8603 TRANSFER 134217728 0.0
NODE 8529 8616 TRANSFER 134217728 0.0
NODE 8530 8618 TRANSFER 134217728 0.0
NODE 8308 8531,8532,8533,8534,8535,8536,8537,8538,8539 COMPUTATION 44500496300 0.06
NODE 8531 8593 TRANSFER 838860800 0.0
NODE 8532 8599 TRANSFER 838860800 0.0
NODE 8533 8600 TRANSFER 838860800 0.0
NODE 8534 8601 TRANSFER 838860800 0.0
NODE 8535 8602 TRANSFER 838860800 0.0
NODE 8536 8603 TRANSFER 838860800 0.0
NODE 8537 8604 TRANSFER 838860800 0.0
NODE 8538 8608 TRANSFER 838860800 0.0
NODE 8539 8620 TRANSFER 838860800 0.0
NODE 8309 8540,8541,8542,8543,8544,8545,8546 COMPUTATION 231928233984 0.04
NODE 8540 8595 TRANSFER 301989888 0.0
NODE 8541 8600 TRANSFER 301989888 0.0
NODE 8542 8603 TRANSFER 301989888 0.0
NODE 8543 8605 TRANSFER 301989888 0.0
NODE 8544 8612 TRANSFER 301989888 0.0
NODE 8545 8617 TRANSFER 301989888 0.0
NODE 8546 8619 TRANSFER 301989888 0.0
NODE 8310 8547,8548,8549,8550,8551,8552,8553,8554 COMPUTATION 3488834887 0.02
NODE 8547 8592 TRANSFER 75497472 0.0
NODE 8548 8593 TRANSFER 75497472 0.0
NODE 8549 8594 TRANSFER 75497472 0.0
NODE 8550 8601 TRANSFER 75497472 0.0
NODE 8551 8607 TRANSFER 75497472 0.0
NODE 8552 8608 TRANSFER 75497472 0.0
NODE 8553 8610 TRANSFER 75497472 0.0
NODE 8554 8620 TRANSFER 75497472 0.0
NODE 8311 8555,8556,8557,8558,8559,8560,8561,8562,8563,8564,8565,8566,8567 COMPUTATION 389162281 0.05
NODE 8555 8591 TRANSFER 33554432 0.0
NODE 8556 8592 TRANSFER 33554432 0.0
NODE 8557 8594 TRANSFER 33554432 0.0
NODE 8558 8595 TRANSFER 33554432 0.0
NODE 8559 8596 TRANSFER 33554432 0.0
NODE 8560 8598 TRANSFER 33554432 0.0
NODE 8561 8601 TRANSFER 33554432 0.0
NODE 8562 8604 TRANSFER 33554432 0.0
NODE 8563 8605 TRANSFER 33554432 0.0
NODE 8564 8606 TRANSFER 33554432 0.0
NODE 8565 8610 TRANSFER 33554432 0.0
NODE 8566 8614 TRANSFER 33554432 0.0
NODE 8567 8620 TRANSFER 33554432 0.0
NODE 8312 8568,8569,8570,8571,8572 COMPUTATION 299103023786 0.03
NODE 8568 8593 TRANSFER 411041792 0.0
NODE 8569 8597 TRANSFER 411041792 0.0
NODE 8570 8601 TRANSFER 411041792 0.0
NODE 8571 8610 TRANSFER 411041792 0.0
NODE 8572 8614 TRANSFER 411041792 0.0
NODE 8313 8573,8574,8575,8576,8577,8578,8579 COMPUTATION 231928233984 0.10
NODE 8573 8596 TRANSFER 301989888 0.0
NODE 8574 8606 TRANSFER 301989888 0.0
NODE 8575 8609 TRANSFER 301989888 0.0
NODE 8576 8611 TRANSFER 301989888 0.0
NODE 8577 8612 TRANSFER 301989888 0.0
NODE 8578 8618 TRANSFER 301989888 0.0
NODE 8579 8620 TRANSFER 301989888 0.0
NODE 8314 8580,8581,8582,8583,8584,8585,8586,8587,8588,8589,8590 COMPUTATION 782757789696 0.01
NODE 8580 8592 TRANSFER 679477248 0.0
NODE 8581 8593 TRANSFER 679477248 0.0
NODE 8582 8596 TRANSFER 679477248 0.0
NODE 8583 8598 TRANSFER 679477248 0.0
NODE 8584 8601 TRANSFER 679477248 0.0
NODE 8585 8604 TRANSFER 679477248 0.0
NODE 8586 8605 TRANSFER 679477248 0.0
NODE 8587 8607 TRANSFER 679477248 0.0
NODE 8588 8609 TRANSFER 679477248 0.0
NODE 8589 8612 TRANSFER 679477248 0.0
NODE 8590 8614 TRANSFER 679477248 0.0
NODE 8591 8622,8623,8624,8625 COMPUTATION 8647833738 0.17
NODE 8622 8740 TRANSFER 838860800 0.0
NODE 8623 8745 TRANSFER 838860800 0.0
NODE 8624 8749 TRANSFER 838860800 0.0
NODE 8625 8755 TRANSFER 838860800 0.0
NODE 8592 8626,8627,8628,8629,8630 COMPUTATION 782757789696 0.07
NODE 8626 8741 TRANSFER 679477248 0.0
NODE 8627 8744 TRANSFER 679477248 0.0
NODE 8628 8750 TRANSFER 679477248 0.0
NODE 8629 8752 TRANSFER 679477248 0.0
NODE 8630 8756 TRANSFER 679477248 0.0
NODE 8593 8631,8632,8633,8634 COMPUTATION 15407400240 0.15
NODE 8631 8740 TRANSFER 411041792 0.0
NODE 8632 8751 TRANSFER 411041792 0.0
NODE 8633 8753 TRANSFER 411041792 0.0
NODE 8634 8756 TRANSFER 411041792 0.0
NODE 8594 8635,8636,8637,8638 COMPUTATION 2022585619 0.06
NODE 8635 8740 TRANSFER 75497472 0.0
NODE 8636 8749 TRANSFER 75497472 0.0
NODE 8637 8750 TRANSFER 75497472 0.0
NODE 8638 8756 TRANSFER 75497472 0.0
NODE 8595 8639,8640 COMPUTATION 134217728000 0.19
NODE 8639 8751 TRANSFER 209715200 0.0
NODE 8640 8756 TRANSFER 209715200 0.0
NODE 8596 8641,8642,8643,8644 COMPUTATION 368293445632 0.02
NODE 8641 8748 TRANSFER 411041792 0.0
NODE 8642 8752 TRANSFER 411041792 0.0
NODE 8643 8755 TRANSFER 411041792 0.0
NODE 8644 8756 TRANSFER 411041792 0.0
NODE 8597 8645,8646 COMPUTATION 413508842277 0.06
NODE 8645 8751 TRANSFER 301989888 0.0
NODE 8646 8756 TRANSFER 301989888 0.0
NODE 8598 8647,8648,8649 COMPUTATION 1073741824000 0.18
NODE 8647 8741 TRANSFER 838860800 0.0
NODE 8648 8752 TRANSFER 838860800 0.0
NODE 8649 8756 TRANSFER 838860800 0.0
NODE 8599 8650,8651,8652,8653,8654 COMPUTATION 4979247445 0.05
NODE 8650 8740 TRANSFER 209715200 0.0
NODE 8651 8743 TRANSFER 209715200 0.0
NODE 8652 8745 TRANSFER 209715200 0.0
NODE 8653 8753 TRANSFER 209715200 0.0
NODE 8654 8754 TRANSFER 209715200 0.0
NODE 8600 8655,8656,8657 COMPUTATION 134217728000 0.19
NODE 8655 8745 TRANSFER 209715200 0.0
NODE 8656 8754 TRANSFER 209715200 0.0
NODE 8657 8756 TRANSFER 209715200 0.0
NODE 8601 8658,8659,8660,8661,8662 COMPUTATION 116011765452 0.13
NODE 8658 8741 TRANSFER 301989888 0.0
NODE 8659 8744 TRANSFER 301989888 0.0
NODE 8660 8745 TRANSFER 301989888 0.0
NODE 8661 8751 TRANSFER 301989888 0.0
NODE 8662 8752 TRANSFER 301989888 0.0
NODE 8602 8663,8664,8665,8666,8667 COMPUTATION 10410887035 0.17
NODE 8663 8744 TRANSFER 301989888 0.0
NODE 8664 8745 TRANSFER 301989888 0.0
NODE 8665 8749 TRANSFER 301989888 0.0
NODE 8666 8751 TRANSFER 301989888 0.0
NODE 8667 8752 TRANSFER 301989888 0.0
NODE 8603 8668,8669,8670,8671,8672 COMPUTATION 537233837608 0.07
NODE 8668 8740 TRANSFER 536870912 0.0
NODE 8669 8742 TRANSFER 536870912 0.0
NODE 8670 8745 TRANSFER 536870912 0.0
NODE 8671 8751 TRANSFER 536870912 0.0
NODE 8672 8752 TRANSFER 536870912 0.0
NODE 8604 8673,8674,8675,8676 COMPUTATION 549755813888 0.05
NODE 8673 8740 TRANSFER 536870912 0.0
NODE 8674 8747 TRANSFER 536870912 0.0
NODE 8675 8751 TRANSFER 536870912 0.0
NODE 8676 8755 TRANSFER 536870912 0.0
NODE 8605 8677,8678 COMPUTATION 184281996263 0.14
NODE 8677 8752 TRANSFER 679477248 0.0
NODE 8678 8754 TRANSFER 679477248 0.0
NODE 8606 8679,8680 COMPUTATION 134217728000 0.16
NODE 8679 8752 TRANSFER 209715200 0.0
NODE 8680 8754 TRANSFER 209715200 0.0
NODE 8607 8681,8682,8683,8684 COMPUTATION 2171100368 0.11
NODE 8681 8740 TRANSFER 75497472 0.0
NODE 8682 8744 TRANSFER 75497472 0.0
NODE 8683 8745 TRANSFER 75497472 0.0
NODE 8684 8752 TRANSFER 75497472 0.0
NODE 8608 8685,8686,8687,8688 COMPUTATION 142194106344 0.15
NODE 8685 8742 TRANSFER 134217728 0.0
NODE 8686 8744 TRANSFER 134217728 0.0
NODE 8687 8752 TRANSFER 134217728 0.0
NODE 8688 8755 TRANSFER 134217728 0.0
NODE 8609 8689,8690 COMPUTATION 549755813888 0.05
NODE 8689 8740 TRANSFER 536870912 0.0
NODE 8690 8741 TRANSFER 536870912 0.0
NODE 8610 8691,8692,8693,8694,8695,8696,8697 COMPUTATION 13056088549 0.07
NODE 8691 8740 TRANSFER 411041792 0.0
NODE 8692 8741 TRANSFER 411041792 0.0
NODE 8693 8743 TRANSFER 411041792 0.0
NODE 8694 8744 TRANSFER 411041792 0.0
NODE 8695 8746 TRANSFER 411041792 0.0
NODE 8696 8749 TRANSFER 411041792 0.0
NODE 8697 8752 TRANSFER 411041792 0.0
NODE 8611 8698,8699,8700,8701 COMPUTATION 1073741824000 0.15
NODE 8698 8744 TRANSFER 838860800 0.0
NODE 8699 8749 TRANSFER 838860800 0.0
NODE 8700 8750 TRANSFER 838860800 0.0
NODE 8701 8756 TRANSFER 838860800 0.0
NODE 8612 8702,8703,8704,8705,8706,8707 COMPUTATION 12511422969 0.14
NODE 8702 8740 TRANSFER 838860800 0.0
NODE 8703 8741 TRANSFER 838860800 0.0
NODE 8704 8745 TRANSFER 838860800 0.0
NODE 8705 8749 TRANSFER 838860800 0.0
NODE 8706 8750 TRANSFER 838860800 0.0
NODE 8707 8752 TRANSFER 838860800 0.0
NODE 8613 8708,8709,8710 COMPUTATION 28991029248 0.11
NODE 8708 8741 TRANSFER 75497472 0.0
NODE 8709 8750 TRANSFER 75497472 0.0
NODE 8710 8754 TRANSFER 75497472 0.0
NODE 8614 8711,8712,8713,8714,8715 COMPUTATION 2561620236 0.13
NODE 8711 8740 TRANSFER 301989888 0.0
NODE 8712 8741 TRANSFER 301989888 0.0
NODE 8713 8742 TRANSFER 301989888 0.0
NODE 8714 8751 TRANSFER 301989888 0.0
NODE 8715 8752 TRANSFER 301989888 0.0
NODE 8615 8716,8717,8718 COMPUTATION 6922971209 0.14
NODE 8716 8742 TRANSFER 209715200 0.0
NODE 8717 8754 TRANSFER 209715200 0.0
NODE 8718 8756 TRANSFER 209715200 0.0
NODE 8616 8719,8720,8721,8722,8723 COMPUTATION 8589934592 0.17
NODE 8719 8741 TRANSFER 33554432 0.0
NODE 8720 8745 TRANSFER 33554432 0.0
NODE 8721 8753 TRANSFER 33554432 0.0
NODE 8722 8754 TRANSFER 33554432 0.0
NODE 8723 8756 TRANSFER 33554432 0.0
NODE 8617 8757 COMPUTATION 782757789696 0.08
NODE 8618 8724,8725,8726,8727,8728 COMPUTATION 68719476736 0.06
NODE 8724 8740 TRANSFER 134217728 0.0
NODE 8725 8741 TRANSFER 134217728 0.0
NODE 8726 8745 TRANSFER 134217728 0.0
NODE 8727 8751 TRANSFER 134217728 0.0
NODE 8728 8752 TRANSFER 134217728 0.0
NODE 8619 8729,8730,8731,8732 COMPUTATION 2301285879 0.01
NODE 8729 8745 TRANSFER 75497472 0.0
NODE 8730 8750 TRANSFER 75497472 0.0
NODE 8731 8752 TRANSFER 75497472 0.0
NODE 8732 8754 TRANSFER 75497472 0.0
NODE 8620 8733,8734,8735,8736 COMPUTATION 2751296848 0.14
NODE 8733 8742 TRANSFER 301989888 0.0
NODE 8734 8745 TRANSFER 301989888 0.0
NODE 8735 8750 TRANSFER 301989888 0.0
NODE 8736 8754 TRANSFER 301989888 0.0
NODE 8621 8737,8738,8739 COMPUTATION 6200702060 0.01
NODE 8737 8745 TRANSFER 411041792 0.0
NODE 8738 8750 TRANSFER 411041792 0.0
NODE 8739 8752 TRANSFER 411041792 0.0
NODE 8740 8757 COMPUTATION 3320351449 0.10
NODE 8741 8757 COMPUTATION 43638238804 0.04
NODE 8742 8757 COMPUTATION 18416097724 0.07
NODE 8743 8757 COMPUTATION 127107963879 0.18
NODE 8744 8757 COMPUTATION 174079387468 0.10
NODE 8745 8757 COMPUTATION 335174695108 0.08
NODE 8746 8757 COMPUTATION 42864351792 0.16
NODE 8747 8757 COMPUTATION 5604019741 0.11
NODE 8748 8757 COMPUTATION 34330088850 0.01
NODE 8749 8757 COMPUTATION 231928233984 0.01
NODE 8750 8757 COMPUTATION 20587662994 0.10
NODE 8751 8757 COMPUTATION 5213337942 0.16
NODE 8752 8757 COMPUTATION 15521068757 0.10
NODE 8753 8757 COMPUTATION 818390130844 0.19
NODE 8754 8757 COMPUTATION 106425935599 0.12
NODE 8755 8757 COMPUTATION 68719476736 0.05
NODE 8756 8757 COMPUTATION 28991029248 0.14
NODE 8757 - END 0.0 0.0
